timestamp,open,high,low,close,volume
1741910400000,0.16523,0.16531,0.16495,0.16496,572245.0
1741910460000,0.16496,0.16511,0.16475,0.16487,357771.0
1741910520000,0.16487,0.16533,0.16476,0.16529,169586.0
1741910580000,0.16529,0.16529,0.16505,0.16523,253327.0
1741910640000,0.16523,0.16524,0.16497,0.16498,182698.0
1741910700000,0.16498,0.16523,0.16498,0.16522,124634.0
1741910760000,0.16523,0.16525,0.16501,0.16501,242378.0
1741910820000,0.16501,0.16517,0.16495,0.16514,416027.0
1741910880000,0.16515,0.16526,0.16487,0.16496,935575.0
1741910940000,0.16495,0.16504,0.16468,0.16471,499310.0
1741911000000,0.16471,0.16506,0.16462,0.16503,585763.0
1741911060000,0.16502,0.16515,0.16498,0.16501,118903.0
1741911120000,0.16502,0.1652,0.16502,0.16511,245990.0
1741911180000,0.16512,0.16528,0.16504,0.16527,176542.0
1741911240000,0.16527,0.16546,0.16527,0.16537,339178.0
1741911300000,0.16537,0.16542,0.16515,0.16515,171990.0
1741911360000,0.16514,0.16519,0.16488,0.16511,388877.0
1741911420000,0.1651,0.16545,0.1651,0.16541,250892.0
1741911480000,0.16542,0.16572,0.16542,0.16552,581137.0
1741911540000,0.16552,0.16562,0.16545,0.16555,217610.0
1741911600000,0.16555,0.16555,0.16526,0.16552,131527.0
1741911660000,0.16551,0.16551,0.16524,0.16524,103360.0
1741911720000,0.16523,0.16526,0.16508,0.16522,749353.0
1741911780000,0.16521,0.16537,0.16507,0.16533,193429.0
1741911840000,0.16532,0.16554,0.16531,0.16554,143604.0
1741911900000,0.16555,0.16562,0.16535,0.16536,201314.0
1741911960000,0.16536,0.16576,0.16534,0.16576,728804.0
1741912020000,0.16575,0.16596,0.16574,0.16596,1336383.0
1741912080000,0.16597,0.16601,0.16586,0.16587,1018333.0
1741912140000,0.16587,0.16594,0.16577,0.16585,332282.0
1741912200000,0.16585,0.16611,0.16585,0.16609,267257.0
1741912260000,0.16609,0.16642,0.16601,0.16606,1956639.0
1741912320000,0.16606,0.16656,0.16598,0.1664,425922.0
1741912380000,0.1664,0.16651,0.16619,0.1662,527962.0
1741912440000,0.1662,0.16625,0.16611,0.16624,279505.0
1741912500000,0.16625,0.16627,0.16594,0.16606,317977.0
1741912560000,0.16607,0.1663,0.16607,0.16623,820327.0
1741912620000,0.16622,0.16629,0.16616,0.16618,87539.0
1741912680000,0.16618,0.16639,0.16615,0.16626,374921.0
1741912740000,0.16625,0.16646,0.16625,0.16646,483146.0
1741912800000,0.16647,0.16691,0.16647,0.16682,1130979.0
1741912860000,0.16682,0.16685,0.1665,0.16674,506924.0
1741912920000,0.16673,0.16687,0.1666,0.16683,286453.0
1741912980000,0.16684,0.167,0.16671,0.167,707750.0
1741913040000,0.167,0.16721,0.167,0.16707,632500.0
1741913100000,0.16707,0.1671,0.16685,0.16687,1481519.0
1741913160000,0.16687,0.16687,0.16664,0.16666,203111.0
1741913220000,0.16665,0.16687,0.16664,0.16683,267142.0
1741913280000,0.16683,0.16692,0.16677,0.16682,165747.0
1741913340000,0.16681,0.16681,0.16668,0.16672,255205.0
1741913400000,0.16672,0.16716,0.16672,0.1671,489075.0
1741913460000,0.16709,0.16729,0.16699,0.16716,488172.0
1741913520000,0.16716,0.16728,0.16708,0.16725,526120.0
1741913580000,0.16725,0.16744,0.1672,0.16732,342235.0
1741913640000,0.16732,0.16732,0.167,0.16702,679600.0
1741913700000,0.16701,0.16715,0.16695,0.16695,300852.0
1741913760000,0.16696,0.16713,0.1669,0.16713,260937.0
1741913820000,0.16714,0.16723,0.16692,0.16697,381894.0
1741913880000,0.16697,0.16698,0.16677,0.1668,330249.0
1741913940000,0.16679,0.16684,0.16663,0.16666,207778.0
1741914000000,0.16666,0.16667,0.16651,0.16654,439028.0
1741914060000,0.16654,0.16662,0.16634,0.16644,299368.0
1741914120000,0.16644,0.16645,0.16624,0.16627,719172.0
1741914180000,0.16628,0.16639,0.16616,0.16616,495399.0
1741914240000,0.16617,0.16624,0.16606,0.16608,695484.0
1741914300000,0.16608,0.16621,0.166,0.166,469688.0
1741914360000,0.166,0.16612,0.16588,0.16597,892002.0
1741914420000,0.16597,0.16614,0.16593,0.16609,233565.0
1741914480000,0.16608,0.16611,0.16596,0.16601,649044.0
1741914540000,0.166,0.16621,0.166,0.16621,299894.0
1741914600000,0.16621,0.1664,0.16621,0.16625,268612.0
1741914660000,0.16626,0.16641,0.1662,0.16636,257017.0
1741914720000,0.16636,0.16674,0.16634,0.16671,2003488.0
1741914780000,0.16672,0.16674,0.16658,0.16662,406175.0
1741914840000,0.16662,0.16701,0.16657,0.16681,1077378.0
1741914900000,0.1668,0.16681,0.16658,0.16659,142498.0
1741914960000,0.16659,0.16665,0.1665,0.1665,81801.0
1741915020000,0.16651,0.16653,0.16635,0.16651,230760.0
1741915080000,0.1665,0.16652,0.16639,0.16639,115413.0
1741915140000,0.16639,0.16644,0.16634,0.16639,210787.0
1741915200000,0.1664,0.16659,0.1664,0.16659,181572.0
1741915260000,0.16658,0.16668,0.16649,0.16667,59504.0
1741915320000,0.16666,0.16666,0.16639,0.1664,39440.0
1741915380000,0.1664,0.16642,0.16634,0.1664,63665.0
1741915440000,0.1664,0.16668,0.16636,0.1666,196668.0
1741915500000,0.16659,0.16671,0.16658,0.16665,113692.0
1741915560000,0.16666,0.16695,0.16665,0.16684,178131.0
1741915620000,0.16684,0.16692,0.16682,0.16685,85623.0
1741915680000,0.16685,0.16685,0.16676,0.1668,223778.0
1741915740000,0.16681,0.16697,0.16673,0.16692,363269.0
1741915800000,0.16692,0.16717,0.16688,0.16715,319442.0
1741915860000,0.16714,0.16716,0.16691,0.16691,214475.0
1741915920000,0.1669,0.1674,0.1669,0.16732,253059.0
1741915980000,0.16732,0.16735,0.16723,0.1673,194768.0
1741916040000,0.16731,0.16763,0.16731,0.16753,538251.0
1741916100000,0.16754,0.16761,0.16737,0.16749,208081.0
1741916160000,0.16748,0.16748,0.16706,0.16718,925054.0
1741916220000,0.16719,0.16728,0.16719,0.16721,249863.0
1741916280000,0.1672,0.16751,0.16718,0.1675,251385.0
1741916340000,0.16751,0.16761,0.16728,0.16728,339947.0
1741916400000,0.16728,0.16751,0.16728,0.16748,303865.0
1741916460000,0.16749,0.16763,0.16742,0.16757,841898.0
1741916520000,0.16758,0.16796,0.16758,0.16795,1487249.0
1741916580000,0.16795,0.16808,0.16795,0.16799,1325681.0
1741916640000,0.16799,0.16823,0.16799,0.16802,534399.0
1741916700000,0.16802,0.16819,0.16797,0.16814,218996.0
1741916760000,0.16815,0.16823,0.16777,0.1678,380765.0
1741916820000,0.1678,0.16781,0.16754,0.16765,918919.0
1741916880000,0.16765,0.16795,0.16765,0.16781,804197.0
1741916940000,0.16781,0.16785,0.16769,0.16778,230191.0
1741917000000,0.16778,0.16787,0.16764,0.16764,190437.0
1741917060000,0.16764,0.16774,0.16754,0.16755,186457.0
1741917120000,0.16755,0.16774,0.16748,0.1675,104648.0
1741917180000,0.16751,0.16753,0.1674,0.16752,101970.0
1741917240000,0.16751,0.16767,0.16747,0.16752,903963.0
1741917300000,0.16752,0.16752,0.1673,0.16735,131214.0
1741917360000,0.16735,0.16738,0.16725,0.16736,167485.0
1741917420000,0.16735,0.16741,0.16724,0.16726,140302.0
1741917480000,0.16727,0.16735,0.16722,0.16734,85805.0
1741917540000,0.16734,0.16735,0.16728,0.16733,32776.0
1741917600000,0.16732,0.16739,0.16726,0.16728,98307.0
1741917660000,0.16728,0.16731,0.16714,0.16728,53046.0
1741917720000,0.16729,0.16756,0.16729,0.1675,84724.0
1741917780000,0.16751,0.16756,0.16748,0.16753,54046.0
1741917840000,0.16754,0.16754,0.16747,0.16753,74960.0
1741917900000,0.16753,0.16769,0.16753,0.16767,190733.0
1741917960000,0.16767,0.1677,0.16748,0.16748,289929.0
1741918020000,0.16748,0.16748,0.16733,0.16739,117262.0
1741918080000,0.16739,0.16745,0.16723,0.16723,191465.0
1741918140000,0.16723,0.16736,0.16714,0.16714,759732.0
1741918200000,0.16713,0.16725,0.16707,0.16721,135891.0
1741918260000,0.16721,0.16726,0.16716,0.16721,294831.0
1741918320000,0.16721,0.16725,0.16717,0.16718,232547.0
1741918380000,0.16719,0.16739,0.16717,0.16731,587062.0
1741918440000,0.16732,0.1674,0.16726,0.16735,201331.0
1741918500000,0.16734,0.16755,0.16734,0.1675,181864.0
1741918560000,0.1675,0.16767,0.1675,0.16762,183076.0
1741918620000,0.16762,0.16771,0.16758,0.16758,227807.0
1741918680000,0.16758,0.16761,0.1674,0.16743,213122.0
1741918740000,0.16743,0.16751,0.16731,0.16742,116975.0
1741918800000,0.16743,0.16753,0.16737,0.16751,185625.0
1741918860000,0.1675,0.16784,0.1675,0.16783,136352.0
1741918920000,0.16784,0.16792,0.16762,0.16767,242157.0
1741918980000,0.16767,0.16797,0.16767,0.16788,217086.0
1741919040000,0.16789,0.16797,0.16789,0.16791,220741.0
1741919100000,0.16791,0.16791,0.16783,0.16784,41145.0
1741919160000,0.16784,0.168,0.16784,0.16794,526157.0
1741919220000,0.16793,0.16807,0.16793,0.16803,139856.0
1741919280000,0.16803,0.1685,0.16802,0.16834,807188.0
1741919340000,0.16834,0.1684,0.16816,0.16826,561773.0
1741919400000,0.16826,0.1684,0.16826,0.16832,211508.0
1741919460000,0.16832,0.16832,0.16821,0.16831,162150.0
1741919520000,0.1683,0.16837,0.16802,0.16806,1699241.0
1741919580000,0.16806,0.16813,0.16803,0.16803,226115.0
1741919640000,0.16804,0.16811,0.16803,0.16811,179223.0
1741919700000,0.16811,0.16819,0.168,0.16813,232298.0
1741919760000,0.16814,0.1683,0.168,0.16829,560204.0
1741919820000,0.16829,0.16863,0.16824,0.16859,550603.0
1741919880000,0.16858,0.16893,0.16858,0.16862,1209365.0
1741919940000,0.16861,0.16871,0.1686,0.16862,588995.0
1741920000000,0.16861,0.16864,0.16819,0.16822,418911.0
1741920060000,0.16822,0.16836,0.16816,0.16817,346533.0
1741920120000,0.16816,0.16836,0.16816,0.16827,556728.0
1741920180000,0.16827,0.16849,0.16826,0.16838,251031.0
1741920240000,0.16837,0.16853,0.16833,0.16846,143019.0
1741920300000,0.16846,0.16849,0.16827,0.16841,1883552.0
1741920360000,0.16841,0.16861,0.16834,0.16861,540230.0
1741920420000,0.16861,0.16861,0.16826,0.16835,382615.0
1741920480000,0.16836,0.16865,0.16836,0.16852,628726.0
1741920540000,0.16852,0.16882,0.16849,0.16872,401333.0
1741920600000,0.16872,0.1689,0.1685,0.1685,559409.0
1741920660000,0.16851,0.16871,0.16847,0.16866,687175.0
1741920720000,0.16865,0.16888,0.16862,0.16885,307721.0
1741920780000,0.16886,0.16898,0.16886,0.16896,653003.0
1741920840000,0.16896,0.16905,0.16868,0.16868,729824.0
1741920900000,0.16868,0.16881,0.16847,0.16864,758027.0
1741920960000,0.16864,0.16877,0.16843,0.16866,1531157.0
1741921020000,0.16867,0.16888,0.16867,0.16887,378236.0
1741921080000,0.16887,0.16893,0.16874,0.16893,728836.0
1741921140000,0.16892,0.16893,0.16875,0.1688,804708.0
1741921200000,0.1688,0.16884,0.16855,0.1686,455024.0
1741921260000,0.1686,0.16865,0.16849,0.1686,924952.0
1741921320000,0.16861,0.16865,0.16852,0.16858,305878.0
1741921380000,0.16857,0.16887,0.16856,0.16875,309254.0
1741921440000,0.16875,0.16882,0.16853,0.16857,211295.0
1741921500000,0.16858,0.16862,0.16846,0.1685,385647.0
1741921560000,0.16849,0.16849,0.16823,0.16831,1196199.0
1741921620000,0.16831,0.16842,0.16831,0.16841,242571.0
1741921680000,0.16841,0.16852,0.16838,0.16852,276797.0
1741921740000,0.16852,0.16861,0.16833,0.16833,487044.0
1741921800000,0.16832,0.16854,0.1683,0.16838,156926.0
1741921860000,0.16838,0.1684,0.16819,0.16826,188713.0
1741921920000,0.16827,0.16835,0.16817,0.16817,82916.0
1741921980000,0.16817,0.16848,0.16817,0.1684,449086.0
1741922040000,0.1684,0.1684,0.16811,0.16828,313741.0
1741922100000,0.16829,0.1685,0.16829,0.1684,247708.0
1741922160000,0.16839,0.1685,0.16821,0.16839,136292.0
1741922220000,0.16839,0.16843,0.16815,0.16816,268251.0
1741922280000,0.16816,0.16821,0.16813,0.16819,260034.0
1741922340000,0.16819,0.16823,0.16802,0.16802,203535.0
1741922400000,0.16802,0.16819,0.16792,0.16792,1264948.0
1741922460000,0.16792,0.16797,0.1678,0.16788,242649.0
1741922520000,0.16788,0.16804,0.16788,0.16797,139390.0
1741922580000,0.16796,0.16803,0.16792,0.16803,637940.0
1741922640000,0.16802,0.16805,0.16787,0.16799,1274662.0
1741922700000,0.16799,0.16811,0.16797,0.1681,163392.0
1741922760000,0.16811,0.1683,0.16811,0.16822,136754.0
1741922820000,0.16823,0.16827,0.16792,0.16793,230999.0
1741922880000,0.16793,0.16797,0.1679,0.16791,247267.0
1741922940000,0.16792,0.168,0.16791,0.16798,167764.0
1741923000000,0.16798,0.16799,0.16766,0.16768,296363.0
1741923060000,0.16768,0.16769,0.16753,0.16753,405144.0
1741923120000,0.16753,0.16761,0.1674,0.16745,386567.0
1741923180000,0.16746,0.16772,0.16745,0.16768,221308.0
1741923240000,0.16768,0.16772,0.16754,0.16762,442916.0
1741923300000,0.16763,0.16774,0.16763,0.1677,421274.0
1741923360000,0.16771,0.16774,0.16765,0.16768,36743.0
1741923420000,0.16768,0.16783,0.16758,0.16783,327584.0
1741923480000,0.16783,0.16787,0.16772,0.16777,232094.0
1741923540000,0.16776,0.16791,0.1677,0.16791,93738.0
1741923600000,0.16792,0.16804,0.16786,0.16804,96780.0
1741923660000,0.16804,0.16823,0.16797,0.16818,201844.0
1741923720000,0.16819,0.16819,0.16788,0.16793,203157.0
1741923780000,0.16794,0.16795,0.1678,0.16787,115780.0
1741923840000,0.16787,0.16798,0.16781,0.16784,225889.0
1741923900000,0.16785,0.16801,0.16782,0.168,308114.0
1741923960000,0.16799,0.16799,0.16785,0.16788,794804.0
1741924020000,0.16787,0.16806,0.16787,0.16799,281852.0
1741924080000,0.168,0.16806,0.16795,0.16802,200799.0
1741924140000,0.16802,0.16829,0.16801,0.16827,1227817.0
1741924200000,0.16827,0.16834,0.16816,0.16819,185243.0
1741924260000,0.1682,0.16856,0.1682,0.16856,688044.0
1741924320000,0.16857,0.16881,0.16855,0.16881,355644.0
1741924380000,0.16881,0.16919,0.16881,0.16919,1391605.0
1741924440000,0.16918,0.16925,0.16896,0.16918,1400640.0
1741924500000,0.16919,0.16919,0.16892,0.169,167426.0
1741924560000,0.169,0.169,0.16876,0.16886,155142.0
1741924620000,0.16887,0.16888,0.16871,0.16877,218708.0
1741924680000,0.16876,0.1688,0.1687,0.1688,167963.0
1741924740000,0.1688,0.16886,0.16875,0.16878,168448.0
1741924800000,0.16878,0.16889,0.16872,0.16884,302688.0
1741924860000,0.16884,0.16885,0.16865,0.16877,355335.0
1741924920000,0.16876,0.16904,0.16875,0.16899,416622.0
1741924980000,0.16898,0.1691,0.16895,0.16902,194435.0
1741925040000,0.16901,0.16914,0.16889,0.1691,825984.0
1741925100000,0.1691,0.16912,0.16895,0.16897,90113.0
1741925160000,0.16896,0.16909,0.16892,0.16906,433836.0
1741925220000,0.16907,0.16935,0.16907,0.16929,546855.0
1741925280000,0.16928,0.16947,0.16926,0.16946,108690.0
1741925340000,0.16947,0.16949,0.16935,0.16948,506705.0
1741925400000,0.16948,0.16948,0.16932,0.16935,453370.0
1741925460000,0.16934,0.16936,0.16922,0.16923,148809.0
1741925520000,0.16923,0.16926,0.16909,0.16915,190100.0
1741925580000,0.16916,0.16919,0.16905,0.16915,62509.0
1741925640000,0.16914,0.16928,0.16913,0.16923,96611.0
1741925700000,0.16922,0.1694,0.16922,0.16928,609682.0
1741925760000,0.16928,0.16929,0.16914,0.16927,367756.0
1741925820000,0.16926,0.16933,0.16919,0.16933,411814.0
1741925880000,0.16934,0.16951,0.16933,0.16945,419980.0
1741925940000,0.16944,0.16944,0.16917,0.16921,254373.0
1741926000000,0.16921,0.16921,0.16907,0.16907,182449.0
1741926060000,0.16907,0.16917,0.16899,0.16907,296815.0
1741926120000,0.16907,0.16913,0.16897,0.16897,268540.0
1741926180000,0.16897,0.16904,0.16893,0.16903,62215.0
1741926240000,0.16903,0.1692,0.16903,0.16916,245958.0
1741926300000,0.16916,0.16924,0.16908,0.16908,72667.0
1741926360000,0.16908,0.16908,0.1689,0.16895,263646.0
1741926420000,0.16896,0.169,0.16892,0.16899,57945.0
1741926480000,0.16899,0.16902,0.16895,0.16901,250962.0
1741926540000,0.169,0.169,0.16894,0.16898,40045.0
1741926600000,0.16897,0.16897,0.16888,0.1689,104448.0
1741926660000,0.1689,0.16896,0.16883,0.16886,102504.0
1741926720000,0.16886,0.16887,0.16873,0.16876,79818.0
1741926780000,0.16876,0.16876,0.16865,0.16874,352125.0
1741926840000,0.16875,0.16881,0.16875,0.16881,36812.0
1741926900000,0.1688,0.1688,0.16864,0.16865,155887.0
1741926960000,0.16864,0.16888,0.16864,0.16888,192935.0
1741927020000,0.16889,0.16894,0.16882,0.16892,121145.0
1741927080000,0.16892,0.16892,0.16857,0.16859,333199.0
1741927140000,0.16859,0.16867,0.16857,0.16865,270173.0
1741927200000,0.16865,0.16879,0.16865,0.16866,181133.0
1741927260000,0.16866,0.16878,0.16864,0.16877,118514.0
1741927320000,0.16878,0.16896,0.16878,0.16883,220157.0
1741927380000,0.16884,0.16884,0.1687,0.16874,194286.0
1741927440000,0.16875,0.1688,0.1687,0.16879,176473.0
1741927500000,0.1688,0.16898,0.1688,0.16898,44190.0
1741927560000,0.16898,0.16917,0.16895,0.16916,151976.0
1741927620000,0.16916,0.16916,0.16907,0.16913,283320.0
1741927680000,0.16913,0.16914,0.16895,0.16895,447432.0
1741927740000,0.16895,0.16905,0.1689,0.16904,72691.0
1741927800000,0.16904,0.16918,0.16898,0.16914,170831.0
1741927860000,0.16914,0.16918,0.16901,0.16916,173296.0
1741927920000,0.16917,0.16919,0.1691,0.16919,210333.0
1741927980000,0.16919,0.16919,0.16908,0.16908,32997.0
1741928040000,0.16909,0.16911,0.16907,0.16908,64450.0
1741928100000,0.16909,0.16912,0.16907,0.16912,20105.0
1741928160000,0.16913,0.16913,0.169,0.1691,94196.0
1741928220000,0.1691,0.1691,0.16902,0.16907,24236.0
1741928280000,0.16907,0.16921,0.16903,0.16919,218523.0
1741928340000,0.1692,0.16922,0.16905,0.16906,206348.0
1741928400000,0.16907,0.16929,0.16907,0.16915,262442.0
1741928460000,0.16915,0.16926,0.16893,0.16893,93512.0
1741928520000,0.16893,0.16895,0.16882,0.16883,138999.0
1741928580000,0.16884,0.16884,0.16859,0.16861,248469.0
1741928640000,0.1686,0.16866,0.16858,0.16865,293163.0
1741928700000,0.16865,0.16867,0.16855,0.16855,94335.0
1741928760000,0.16856,0.16858,0.16844,0.16851,398997.0
1741928820000,0.16851,0.16858,0.16851,0.16858,27709.0
1741928880000,0.16858,0.16865,0.16855,0.16855,130895.0
1741928940000,0.16855,0.16857,0.1685,0.16851,174596.0
1741929000000,0.1685,0.1685,0.16836,0.1684,215649.0
1741929060000,0.16841,0.16843,0.16831,0.16836,99066.0
1741929120000,0.16836,0.16841,0.16822,0.16822,122279.0
1741929180000,0.16822,0.16828,0.1682,0.16827,57380.0
1741929240000,0.16827,0.16827,0.16824,0.16824,31438.0
1741929300000,0.16825,0.16849,0.16825,0.16841,184641.0
1741929360000,0.1684,0.16844,0.16835,0.16844,78827.0
1741929420000,0.16843,0.16855,0.16831,0.16852,260190.0
1741929480000,0.16852,0.16857,0.16848,0.16848,126320.0
1741929540000,0.16848,0.16867,0.16848,0.16857,318367.0
1741929600000,0.16856,0.16873,0.16854,0.16873,190527.0
1741929660000,0.16874,0.16874,0.16848,0.16851,169219.0
1741929720000,0.1685,0.1686,0.16843,0.1686,189849.0
1741929780000,0.1686,0.16861,0.16848,0.16854,394253.0
1741929840000,0.16854,0.16871,0.16854,0.16869,234234.0
1741929900000,0.16869,0.16875,0.16865,0.1687,54320.0
1741929960000,0.16869,0.16869,0.16864,0.16868,132941.0
1741930020000,0.16869,0.16884,0.16869,0.16877,152831.0
1741930080000,0.16877,0.16878,0.16869,0.16872,129645.0
1741930140000,0.16872,0.16876,0.16872,0.16873,10756.0
1741930200000,0.16872,0.16884,0.16872,0.16878,358571.0
1741930260000,0.16878,0.16881,0.16871,0.16871,87375.0
1741930320000,0.16872,0.16872,0.16853,0.16856,174542.0
1741930380000,0.16855,0.16873,0.16853,0.16873,126248.0
1741930440000,0.16874,0.16876,0.1687,0.16872,167221.0
1741930500000,0.16873,0.16876,0.1686,0.16863,32130.0
1741930560000,0.16863,0.16877,0.16863,0.16877,124805.0
1741930620000,0.16876,0.16902,0.16876,0.16891,514935.0
1741930680000,0.16891,0.16893,0.16872,0.16881,5072188.0
1741930740000,0.16882,0.16894,0.16875,0.16894,218865.0
1741930800000,0.16894,0.16921,0.16893,0.16921,360714.0
1741930860000,0.16922,0.16926,0.16916,0.1692,281316.0
1741930920000,0.16921,0.16925,0.16902,0.16906,183130.0
1741930980000,0.16907,0.16911,0.16899,0.1691,372515.0
1741931040000,0.1691,0.16921,0.16907,0.16919,160652.0
1741931100000,0.16918,0.16918,0.16897,0.16901,388752.0
1741931160000,0.16902,0.16904,0.1688,0.16888,200982.0
1741931220000,0.16888,0.16891,0.16863,0.16878,2345234.0
1741931280000,0.16877,0.16893,0.16877,0.16885,151243.0
1741931340000,0.16884,0.16885,0.16873,0.16883,127711.0
1741931400000,0.16883,0.16888,0.16867,0.1687,74353.0
1741931460000,0.1687,0.16878,0.16867,0.16877,55185.0
1741931520000,0.16876,0.16894,0.16876,0.16894,201084.0
1741931580000,0.16894,0.16899,0.16887,0.16893,430787.0
1741931640000,0.16893,0.16908,0.16893,0.16897,179185.0
1741931700000,0.16897,0.16906,0.16894,0.16901,92284.0
1741931760000,0.16902,0.16921,0.16902,0.1692,125818.0
1741931820000,0.16919,0.16919,0.16898,0.16904,258044.0
1741931880000,0.16903,0.16907,0.16897,0.16898,60721.0
1741931940000,0.16898,0.16909,0.16898,0.16909,47189.0
1741932000000,0.1691,0.16915,0.16899,0.1691,259099.0
1741932060000,0.16911,0.16915,0.16877,0.16878,497861.0
1741932120000,0.16878,0.16897,0.16878,0.16889,209717.0
1741932180000,0.16889,0.16896,0.1688,0.16896,599778.0
1741932240000,0.16896,0.16919,0.16889,0.16905,1456835.0
1741932300000,0.16906,0.16916,0.1687,0.16873,1094159.0
1741932360000,0.16873,0.16889,0.16863,0.16885,617084.0
1741932420000,0.16886,0.16894,0.16876,0.16877,99281.0
1741932480000,0.16877,0.16878,0.16856,0.16857,102804.0
1741932540000,0.16858,0.16871,0.16847,0.16862,381407.0
1741932600000,0.16862,0.16863,0.1685,0.16852,233075.0
1741932660000,0.16852,0.16852,0.16839,0.16848,291965.0
1741932720000,0.16847,0.16852,0.16839,0.16852,144799.0
1741932780000,0.16851,0.16859,0.16848,0.1685,66537.0
1741932840000,0.1685,0.16858,0.16849,0.16849,98553.0
1741932900000,0.16849,0.16857,0.16845,0.16845,354323.0
1741932960000,0.16846,0.16846,0.16829,0.16829,193316.0
1741933020000,0.16828,0.16838,0.16826,0.16837,392528.0
1741933080000,0.16838,0.16848,0.16834,0.16842,273742.0
1741933140000,0.16841,0.16841,0.16824,0.16826,133229.0
1741933200000,0.16825,0.16833,0.16822,0.16823,231974.0
1741933260000,0.16823,0.16834,0.1682,0.16827,114340.0
1741933320000,0.16828,0.16829,0.16815,0.16827,622087.0
1741933380000,0.16827,0.16827,0.16818,0.16819,295739.0
1741933440000,0.16819,0.16824,0.16813,0.16813,181976.0
1741933500000,0.16814,0.16825,0.16809,0.16818,158347.0
1741933560000,0.16818,0.16821,0.16813,0.16814,108970.0
1741933620000,0.16813,0.16813,0.16796,0.16802,509371.0
1741933680000,0.16802,0.16803,0.16785,0.16788,304226.0
1741933740000,0.16788,0.16802,0.16782,0.16795,594538.0
1741933800000,0.16795,0.16805,0.16784,0.16787,372832.0
1741933860000,0.16787,0.16788,0.1678,0.16788,462526.0
1741933920000,0.16788,0.16814,0.16788,0.16813,325463.0
1741933980000,0.16814,0.1684,0.16813,0.1684,232243.0
1741934040000,0.1684,0.16851,0.16824,0.16851,96626.0
1741934100000,0.1685,0.1685,0.16832,0.16835,960407.0
1741934160000,0.16835,0.16843,0.16835,0.1684,36781.0
1741934220000,0.16839,0.16848,0.16834,0.16848,38917.0
1741934280000,0.16849,0.16853,0.16844,0.16852,47637.0
1741934340000,0.16853,0.16853,0.16816,0.16827,236808.0
1741934400000,0.16827,0.16837,0.16827,0.16835,104484.0
1741934460000,0.16835,0.16835,0.16825,0.16831,130719.0
1741934520000,0.16831,0.1684,0.16823,0.16827,184262.0
1741934580000,0.16827,0.1684,0.16819,0.16819,286081.0
1741934640000,0.16819,0.16824,0.16816,0.16823,156267.0
1741934700000,0.16823,0.16831,0.16806,0.16808,669162.0
1741934760000,0.16807,0.16828,0.16803,0.16828,637508.0
1741934820000,0.16828,0.16847,0.16828,0.16845,434355.0
1741934880000,0.16846,0.16851,0.16827,0.16838,132846.0
1741934940000,0.16838,0.16842,0.16827,0.16841,401854.0
1741935000000,0.16842,0.16842,0.16833,0.16834,98508.0
1741935060000,0.16835,0.16835,0.16822,0.16826,195154.0
1741935120000,0.16826,0.16832,0.1682,0.16824,139300.0
1741935180000,0.16825,0.1684,0.16824,0.16836,167206.0
1741935240000,0.16837,0.1686,0.16834,0.16856,263820.0
1741935300000,0.16856,0.16857,0.16845,0.16845,425410.0
1741935360000,0.16845,0.16852,0.16845,0.16847,22086.0
1741935420000,0.16846,0.16854,0.16845,0.16853,112091.0
1741935480000,0.16853,0.16855,0.16847,0.16854,47909.0
1741935540000,0.16855,0.16857,0.16847,0.16848,118226.0
1741935600000,0.16847,0.16847,0.16825,0.16825,322028.0
1741935660000,0.16826,0.16834,0.16814,0.16834,138348.0
1741935720000,0.16833,0.16834,0.16815,0.16815,142185.0
1741935780000,0.16816,0.16823,0.16811,0.1682,56981.0
1741935840000,0.16819,0.16819,0.16808,0.1681,173141.0
1741935900000,0.1681,0.16834,0.16809,0.16833,162509.0
1741935960000,0.16834,0.16839,0.1682,0.16823,539880.0
1741936020000,0.16823,0.16824,0.16805,0.16806,280370.0
1741936080000,0.16806,0.16809,0.16783,0.16788,380976.0
1741936140000,0.16788,0.16795,0.16787,0.16792,131959.0
1741936200000,0.16791,0.16804,0.16787,0.16797,142111.0
1741936260000,0.16798,0.16819,0.16798,0.16819,331948.0
1741936320000,0.16819,0.16829,0.16813,0.16828,598160.0
1741936380000,0.16827,0.16829,0.16816,0.16816,197791.0
1741936440000,0.16815,0.16818,0.16812,0.16817,74943.0
1741936500000,0.16818,0.16821,0.16817,0.1682,31874.0
1741936560000,0.16819,0.16828,0.16803,0.16808,338203.0
1741936620000,0.16809,0.16833,0.16809,0.16833,133961.0
1741936680000,0.16832,0.16833,0.16813,0.16819,165968.0
1741936740000,0.16818,0.16822,0.16801,0.16805,1156080.0
1741936800000,0.16805,0.16808,0.168,0.16807,172440.0
1741936860000,0.16807,0.16813,0.16806,0.1681,167915.0
1741936920000,0.1681,0.16812,0.16805,0.16812,122439.0
1741936980000,0.16812,0.16823,0.16809,0.16819,375479.0
1741937040000,0.1682,0.1682,0.1681,0.16819,504773.0
1741937100000,0.1682,0.16823,0.16814,0.16817,152503.0
1741937160000,0.16818,0.16823,0.16812,0.16819,32966.0
1741937220000,0.16819,0.16832,0.16819,0.16821,123788.0
1741937280000,0.16821,0.16826,0.16812,0.16812,435932.0
1741937340000,0.16812,0.16817,0.16806,0.16814,1053151.0
1741937400000,0.16813,0.16813,0.16793,0.16803,230291.0
1741937460000,0.16803,0.16805,0.16791,0.16796,281002.0
1741937520000,0.16796,0.16812,0.16796,0.16806,183201.0
1741937580000,0.16806,0.16819,0.16801,0.16809,81745.0
1741937640000,0.16809,0.16819,0.16803,0.16818,80137.0
1741937700000,0.16818,0.16822,0.1681,0.1681,162147.0
1741937760000,0.1681,0.16824,0.16801,0.16824,261031.0
1741937820000,0.16824,0.16827,0.16815,0.16823,74444.0
1741937880000,0.16824,0.16837,0.16824,0.1683,1450798.0
1741937940000,0.1683,0.16847,0.16829,0.16841,274588.0
1741938000000,0.16841,0.16872,0.16841,0.1686,401265.0
1741938060000,0.16861,0.16876,0.16859,0.16874,165472.0
1741938120000,0.16874,0.16913,0.16873,0.16902,576513.0
1741938180000,0.16902,0.1692,0.16895,0.16911,778442.0
1741938240000,0.16911,0.1694,0.16911,0.16924,888157.0
1741938300000,0.16924,0.16941,0.16907,0.16938,749898.0
1741938360000,0.16938,0.16946,0.16914,0.16918,635593.0
1741938420000,0.16918,0.16921,0.169,0.169,953388.0
1741938480000,0.16901,0.16901,0.16882,0.16885,301784.0
1741938540000,0.16885,0.16888,0.1688,0.16881,129822.0
1741938600000,0.1688,0.16881,0.16868,0.16875,275513.0
1741938660000,0.16876,0.16878,0.16872,0.16872,39317.0
1741938720000,0.16873,0.16879,0.16867,0.16878,261634.0
1741938780000,0.16879,0.16881,0.1687,0.16873,235770.0
1741938840000,0.16874,0.16879,0.16871,0.16872,48062.0
1741938900000,0.16872,0.16875,0.16866,0.16867,85665.0
1741938960000,0.16867,0.16867,0.16858,0.16863,432175.0
1741939020000,0.16862,0.16865,0.16856,0.16856,33449.0
1741939080000,0.16857,0.16862,0.1685,0.16851,97330.0
1741939140000,0.16852,0.16852,0.16843,0.16846,473345.0
1741939200000,0.16846,0.16856,0.16846,0.16851,485796.0
1741939260000,0.1685,0.16871,0.1685,0.16857,296393.0
1741939320000,0.16858,0.16873,0.16858,0.16871,105786.0
1741939380000,0.16871,0.16889,0.16871,0.16888,225737.0
1741939440000,0.16887,0.16901,0.16886,0.16901,263585.0
1741939500000,0.16902,0.16906,0.16895,0.16897,1787720.0
1741939560000,0.16898,0.1692,0.16896,0.1692,444722.0
1741939620000,0.1692,0.16923,0.16907,0.16907,187493.0
1741939680000,0.16906,0.16908,0.1689,0.16891,495920.0
1741939740000,0.16891,0.16901,0.16885,0.16886,446366.0
1741939800000,0.16885,0.16907,0.16884,0.16905,139070.0
1741939860000,0.16904,0.16919,0.16904,0.16919,58952.0
1741939920000,0.16919,0.16924,0.16886,0.1689,484626.0
1741939980000,0.16891,0.16907,0.16878,0.16907,406746.0
1741940040000,0.16908,0.1691,0.16899,0.16902,92521.0
1741940100000,0.16902,0.16912,0.16898,0.16906,803586.0
1741940160000,0.16906,0.16948,0.169,0.16948,631242.0
1741940220000,0.16949,0.16979,0.16944,0.16953,2852222.0
1741940280000,0.16954,0.16995,0.16948,0.16989,600099.0
1741940340000,0.16989,0.1699,0.16972,0.16985,208168.0
1741940400000,0.16985,0.16995,0.16981,0.16993,174875.0
1741940460000,0.16992,0.16996,0.16979,0.16981,497424.0
1741940520000,0.16981,0.16992,0.16978,0.16988,229762.0
1741940580000,0.16987,0.1699,0.16981,0.16981,582007.0
1741940640000,0.16982,0.16996,0.16982,0.16988,227880.0
1741940700000,0.16989,0.17038,0.16986,0.17035,1519150.0
1741940760000,0.17036,0.1704,0.17012,0.17019,780363.0
1741940820000,0.17018,0.17039,0.17017,0.17028,757732.0
1741940880000,0.17029,0.17029,0.16997,0.16998,545472.0
1741940940000,0.16998,0.17006,0.16985,0.16994,871571.0
1741941000000,0.16995,0.17038,0.16995,0.17038,1183305.0
1741941060000,0.17037,0.1704,0.17005,0.17006,857572.0
1741941120000,0.17007,0.17036,0.16979,0.16989,789014.0
1741941180000,0.16989,0.16991,0.16964,0.16969,580172.0
1741941240000,0.16968,0.16968,0.16938,0.16938,484929.0
1741941300000,0.16938,0.16945,0.16932,0.16944,191460.0
1741941360000,0.16944,0.16965,0.16944,0.16952,502854.0
1741941420000,0.16953,0.16963,0.16913,0.16924,1092792.0
1741941480000,0.16925,0.1693,0.16916,0.16926,243299.0
1741941540000,0.16926,0.16927,0.16912,0.16921,1012366.0
1741941600000,0.16921,0.16931,0.16919,0.16929,325116.0
1741941660000,0.16929,0.16929,0.16913,0.16928,258372.0
1741941720000,0.16929,0.16942,0.16927,0.1694,432295.0
1741941780000,0.1694,0.16959,0.1694,0.16948,59036.0
1741941840000,0.16947,0.16964,0.16946,0.16963,154729.0
1741941900000,0.16963,0.16993,0.16963,0.16985,226731.0
1741941960000,0.16984,0.16998,0.16978,0.16998,334577.0
1741942020000,0.16998,0.16998,0.16963,0.16978,450242.0
1741942080000,0.16978,0.17,0.16973,0.16983,739226.0
1741942140000,0.16983,0.16985,0.16972,0.16978,202405.0
1741942200000,0.16979,0.16979,0.16963,0.1697,114012.0
1741942260000,0.16971,0.16972,0.1696,0.1696,241754.0
1741942320000,0.16959,0.16969,0.16959,0.16963,44905.0
1741942380000,0.16962,0.16967,0.16957,0.16965,88503.0
1741942440000,0.16964,0.16986,0.16964,0.16978,171423.0
1741942500000,0.16979,0.1698,0.1696,0.1696,154155.0
1741942560000,0.16959,0.16971,0.16954,0.16963,288245.0
1741942620000,0.16963,0.16988,0.16963,0.16984,242139.0
1741942680000,0.16984,0.16985,0.16964,0.16966,260493.0
1741942740000,0.16967,0.16969,0.16951,0.16954,153172.0
1741942800000,0.16954,0.1698,0.16954,0.16958,277745.0
1741942860000,0.16958,0.16968,0.16951,0.16968,251032.0
1741942920000,0.16968,0.16989,0.16966,0.16989,212975.0
1741942980000,0.1699,0.16991,0.16972,0.16972,123550.0
1741943040000,0.16972,0.17,0.16972,0.17,189092.0
1741943100000,0.17,0.17012,0.16995,0.17012,452965.0
1741943160000,0.17012,0.17019,0.16987,0.16996,458247.0
1741943220000,0.16995,0.17004,0.16986,0.16992,202871.0
1741943280000,0.16992,0.16992,0.16964,0.16965,203545.0
1741943340000,0.16965,0.16979,0.16953,0.16957,331919.0
1741943400000,0.16957,0.16957,0.16935,0.16945,511465.0
1741943460000,0.16944,0.16959,0.16944,0.16952,108298.0
1741943520000,0.16952,0.16962,0.16938,0.16938,75325.0
1741943580000,0.16937,0.16937,0.16918,0.16926,387405.0
1741943640000,0.16926,0.16933,0.16921,0.16928,1326938.0
1741943700000,0.16928,0.16933,0.1692,0.1693,181277.0
1741943760000,0.16931,0.16942,0.16923,0.16937,190151.0
1741943820000,0.16937,0.16951,0.16937,0.1695,139598.0
1741943880000,0.1695,0.1696,0.16941,0.16944,301541.0
1741943940000,0.16943,0.16947,0.16927,0.16942,103828.0
1741944000000,0.16943,0.16945,0.16927,0.16939,404139.0
1741944060000,0.16939,0.16961,0.16939,0.1695,116432.0
1741944120000,0.16951,0.16951,0.16935,0.16944,57983.0
1741944180000,0.16945,0.16946,0.16933,0.16933,92917.0
1741944240000,0.16933,0.1695,0.16931,0.16944,50611.0
1741944300000,0.16943,0.16965,0.16935,0.16952,176398.0
1741944360000,0.16951,0.16962,0.16944,0.16956,142087.0
1741944420000,0.16955,0.16963,0.16954,0.16963,267330.0
1741944480000,0.16963,0.16972,0.16961,0.16963,115498.0
1741944540000,0.16963,0.16966,0.1695,0.16966,210071.0
1741944600000,0.16967,0.16981,0.16967,0.16974,127820.0
1741944660000,0.16974,0.16974,0.16948,0.16948,148246.0
1741944720000,0.16949,0.16953,0.16943,0.16945,431007.0
1741944780000,0.16946,0.16946,0.16913,0.16913,170713.0
1741944840000,0.16914,0.16921,0.16904,0.16921,363343.0
1741944900000,0.16921,0.16936,0.16918,0.16936,101767.0
1741944960000,0.16937,0.16939,0.16924,0.16924,148374.0
1741945020000,0.16924,0.16926,0.16919,0.16921,91821.0
1741945080000,0.16922,0.1693,0.16921,0.1693,153890.0
1741945140000,0.1693,0.16941,0.16922,0.16932,316606.0
1741945200000,0.16931,0.16951,0.16929,0.16939,188962.0
1741945260000,0.16939,0.16948,0.16934,0.16937,145177.0
1741945320000,0.16936,0.16963,0.16936,0.1696,443384.0
1741945380000,0.1696,0.16971,0.1696,0.16969,387760.0
1741945440000,0.16969,0.16978,0.16969,0.16969,149154.0
1741945500000,0.16969,0.16972,0.16951,0.16965,130403.0
1741945560000,0.16965,0.16966,0.16947,0.16949,159304.0
1741945620000,0.16949,0.16961,0.16948,0.16952,145427.0
1741945680000,0.16953,0.16955,0.16927,0.16932,194230.0
1741945740000,0.16931,0.16934,0.16926,0.1693,208354.0
1741945800000,0.16929,0.16951,0.16926,0.16944,116835.0
1741945860000,0.16944,0.16952,0.16942,0.16948,449881.0
1741945920000,0.16948,0.16948,0.16933,0.1694,139184.0
1741945980000,0.1694,0.16943,0.16935,0.16941,156271.0
1741946040000,0.16941,0.16942,0.16915,0.16919,150112.0
1741946100000,0.16919,0.16919,0.16909,0.16912,138761.0
1741946160000,0.16912,0.16918,0.1691,0.16918,282559.0
1741946220000,0.16918,0.16918,0.16907,0.16907,183849.0
1741946280000,0.16907,0.16909,0.16888,0.16893,412636.0
1741946340000,0.16893,0.16913,0.16893,0.16912,173660.0
1741946400000,0.16912,0.16921,0.16899,0.16899,268934.0
1741946460000,0.16899,0.16903,0.16882,0.16882,276486.0
1741946520000,0.16882,0.16887,0.16876,0.16879,234755.0
1741946580000,0.16879,0.16885,0.16878,0.16884,281144.0
1741946640000,0.16885,0.16886,0.16875,0.16881,423425.0
1741946700000,0.1688,0.16882,0.1686,0.16867,264459.0
1741946760000,0.16867,0.16879,0.16867,0.16874,653981.0
1741946820000,0.16874,0.16882,0.16862,0.16873,182782.0
1741946880000,0.16874,0.16875,0.16829,0.16836,741464.0
1741946940000,0.16836,0.16845,0.16833,0.16838,1852508.0
1741947000000,0.16839,0.16842,0.16832,0.16838,564663.0
1741947060000,0.16838,0.16839,0.16821,0.16825,474761.0
1741947120000,0.16824,0.16833,0.16823,0.16828,925647.0
1741947180000,0.16828,0.16832,0.16814,0.16814,508497.0
1741947240000,0.16815,0.16825,0.16814,0.16821,222601.0
1741947300000,0.1682,0.1683,0.16817,0.16823,458895.0
1741947360000,0.16822,0.16834,0.16818,0.16833,266970.0
1741947420000,0.16833,0.16862,0.16833,0.16862,301668.0
1741947480000,0.16862,0.16876,0.16855,0.16876,360414.0
1741947540000,0.16876,0.16884,0.1687,0.1687,308471.0
1741947600000,0.1687,0.16885,0.1687,0.16877,341878.0
1741947660000,0.16876,0.16879,0.1685,0.16862,456583.0
1741947720000,0.16861,0.16874,0.16853,0.16855,481384.0
1741947780000,0.16856,0.16865,0.16845,0.16863,207845.0
1741947840000,0.16863,0.16884,0.16861,0.16881,488760.0
1741947900000,0.16881,0.16902,0.16881,0.169,137265.0
1741947960000,0.16899,0.16901,0.16889,0.16893,109081.0
1741948020000,0.16894,0.16912,0.16894,0.16911,106357.0
1741948080000,0.16911,0.16924,0.16911,0.16915,208101.0
1741948140000,0.16914,0.16926,0.16913,0.16923,85117.0
1741948200000,0.16922,0.1693,0.16918,0.16923,313719.0
1741948260000,0.16923,0.16923,0.16901,0.16902,114608.0
1741948320000,0.16903,0.1691,0.16883,0.16884,164490.0
1741948380000,0.16885,0.16903,0.16885,0.16889,142368.0
1741948440000,0.16889,0.16897,0.16885,0.16886,230450.0
1741948500000,0.16886,0.16896,0.16883,0.16893,347366.0
1741948560000,0.16892,0.16893,0.16873,0.16881,299658.0
1741948620000,0.16882,0.16896,0.16882,0.16888,161244.0
1741948680000,0.16889,0.169,0.16889,0.16893,440972.0
1741948740000,0.16894,0.1695,0.16893,0.16949,1608962.0
1741948800000,0.16949,0.16955,0.16941,0.16943,1408548.0
1741948860000,0.16943,0.16975,0.16943,0.16974,197544.0
1741948920000,0.16975,0.16984,0.16959,0.16961,460755.0
1741948980000,0.16962,0.16971,0.16952,0.16961,339787.0
1741949040000,0.1696,0.1696,0.16947,0.16953,520874.0
1741949100000,0.16953,0.16972,0.16951,0.16969,426084.0
1741949160000,0.16968,0.17016,0.16966,0.17015,1154360.0
1741949220000,0.17015,0.17017,0.16993,0.16994,362705.0
1741949280000,0.16994,0.17002,0.16974,0.16974,399355.0
1741949340000,0.16974,0.16984,0.16971,0.16972,222846.0
1741949400000,0.16973,0.16992,0.16968,0.16988,158332.0
1741949460000,0.16989,0.17011,0.1698,0.16993,718830.0
1741949520000,0.16993,0.1701,0.16993,0.16995,207870.0
1741949580000,0.16994,0.16994,0.16967,0.16969,322861.0
1741949640000,0.16969,0.16978,0.16956,0.16957,333176.0
1741949700000,0.16957,0.16963,0.16957,0.16958,200706.0
1741949760000,0.16957,0.16957,0.16943,0.16943,160691.0
1741949820000,0.16943,0.16943,0.16933,0.16934,99100.0
1741949880000,0.16934,0.16936,0.16932,0.16935,189451.0
1741949940000,0.16934,0.16935,0.16926,0.16932,329332.0
1741950000000,0.16933,0.16943,0.16931,0.16938,212488.0
1741950060000,0.16939,0.16952,0.16926,0.16926,96574.0
1741950120000,0.16927,0.16952,0.16927,0.16942,297981.0
1741950180000,0.16941,0.16959,0.16938,0.16941,206894.0
1741950240000,0.16941,0.16954,0.16939,0.16948,368486.0
1741950300000,0.16948,0.16959,0.1694,0.16948,435317.0
1741950360000,0.16947,0.16954,0.16943,0.16954,129446.0
1741950420000,0.16954,0.1696,0.16935,0.16939,192048.0
1741950480000,0.16939,0.16939,0.1691,0.16924,1272070.0
1741950540000,0.16923,0.16931,0.16918,0.16927,174577.0
1741950600000,0.16928,0.16951,0.16928,0.16948,43907.0
1741950660000,0.16949,0.16958,0.16945,0.16956,155731.0
1741950720000,0.16955,0.16962,0.16951,0.16957,131336.0
1741950780000,0.16956,0.16956,0.16937,0.16938,107868.0
1741950840000,0.16937,0.16949,0.16933,0.16934,199043.0
1741950900000,0.16933,0.16933,0.1692,0.16921,75618.0
1741950960000,0.16921,0.16941,0.16921,0.16928,70017.0
1741951020000,0.16929,0.16929,0.16916,0.16916,320453.0
1741951080000,0.16917,0.16926,0.16911,0.16912,232918.0
1741951140000,0.16912,0.16935,0.16912,0.1693,168739.0
1741951200000,0.1693,0.16952,0.1693,0.16948,341035.0
1741951260000,0.16947,0.16949,0.16937,0.16939,436085.0
1741951320000,0.1694,0.16952,0.1694,0.16947,91148.0
1741951380000,0.16946,0.16954,0.16945,0.16949,87469.0
1741951440000,0.16948,0.16968,0.16948,0.16963,303557.0
1741951500000,0.16963,0.16968,0.1696,0.1696,220936.0
1741951560000,0.1696,0.16964,0.16956,0.16964,186012.0
1741951620000,0.16963,0.16968,0.16963,0.16964,136556.0
1741951680000,0.16964,0.16972,0.16959,0.16971,278353.0
1741951740000,0.16972,0.16975,0.16966,0.16973,185534.0
1741951800000,0.16974,0.16976,0.16967,0.16969,64163.0
1741951860000,0.16968,0.16976,0.16943,0.16943,176833.0
1741951920000,0.16943,0.16969,0.1694,0.16968,87928.0
1741951980000,0.16967,0.1697,0.16941,0.1695,215448.0
1741952040000,0.1695,0.16955,0.16947,0.16949,164667.0
1741952100000,0.1695,0.16968,0.1695,0.16954,145686.0
1741952160000,0.16954,0.16974,0.16953,0.16974,53642.0
1741952220000,0.16974,0.16976,0.16961,0.16962,513285.0
1741952280000,0.16961,0.16985,0.16961,0.16984,265774.0
1741952340000,0.16985,0.1699,0.16977,0.16977,287711.0
1741952400000,0.16978,0.16985,0.16974,0.16974,430765.0
1741952460000,0.16973,0.16973,0.16962,0.16967,229769.0
1741952520000,0.16968,0.16969,0.1696,0.16963,173453.0
1741952580000,0.16964,0.16984,0.16961,0.16984,121848.0
1741952640000,0.16983,0.16986,0.16973,0.16973,164098.0
1741952700000,0.16973,0.16981,0.1696,0.1696,405435.0
1741952760000,0.16961,0.16966,0.1695,0.16959,333211.0
1741952820000,0.16959,0.16959,0.16948,0.16951,74730.0
1741952880000,0.16951,0.16959,0.16951,0.16959,154541.0
1741952940000,0.16958,0.16968,0.16957,0.16963,72759.0
1741953000000,0.16962,0.16974,0.16959,0.16969,124898.0
1741953060000,0.1697,0.16982,0.1697,0.16979,232442.0
1741953120000,0.16978,0.16999,0.16977,0.16985,457530.0
1741953180000,0.16986,0.16987,0.16957,0.16965,281728.0
1741953240000,0.16965,0.16993,0.16965,0.16984,127032.0
1741953300000,0.16983,0.16995,0.16983,0.16992,115482.0
1741953360000,0.16991,0.16997,0.16991,0.16995,111058.0
1741953420000,0.16994,0.1701,0.16994,0.17001,1677826.0
1741953480000,0.17001,0.17005,0.17,0.17001,92979.0
1741953540000,0.17001,0.17001,0.16976,0.16977,553952.0
1741953600000,0.16978,0.16987,0.16961,0.16975,314339.0
1741953660000,0.16976,0.1698,0.16967,0.16967,217359.0
1741953720000,0.16966,0.16967,0.16945,0.16945,154784.0
1741953780000,0.16945,0.16963,0.16945,0.16957,242092.0
1741953840000,0.16958,0.16963,0.16947,0.16963,164082.0
1741953900000,0.16964,0.16976,0.16964,0.16976,179841.0
1741953960000,0.16977,0.16986,0.16967,0.16978,322793.0
1741954020000,0.16978,0.16986,0.16978,0.16986,62304.0
1741954080000,0.16985,0.16986,0.16952,0.16954,216701.0
1741954140000,0.16953,0.16968,0.16953,0.16967,340521.0
1741954200000,0.16967,0.16977,0.16962,0.16968,201449.0
1741954260000,0.16969,0.16982,0.16965,0.16965,183062.0
1741954320000,0.16964,0.16984,0.16964,0.1698,93342.0
1741954380000,0.1698,0.16999,0.16978,0.16999,429278.0
1741954440000,0.17,0.17022,0.17,0.1702,525928.0
1741954500000,0.1702,0.17022,0.17012,0.17022,349237.0
1741954560000,0.17022,0.17024,0.1701,0.17023,2685866.0
1741954620000,0.17022,0.17026,0.17016,0.1702,744555.0
1741954680000,0.1702,0.17027,0.1701,0.17024,296647.0
1741954740000,0.17024,0.17039,0.17024,0.17036,499565.0
1741954800000,0.17035,0.17054,0.17034,0.17046,385662.0
1741954860000,0.17045,0.17054,0.17043,0.17051,82585.0
1741954920000,0.17051,0.17063,0.17042,0.17061,472106.0
1741954980000,0.1706,0.1706,0.17036,0.17038,466977.0
1741955040000,0.17038,0.17051,0.1703,0.1703,703365.0
1741955100000,0.17031,0.17038,0.17017,0.17021,106832.0
1741955160000,0.17022,0.17037,0.17017,0.17017,501054.0
1741955220000,0.17018,0.17018,0.16996,0.16997,327773.0
1741955280000,0.16998,0.17008,0.16998,0.17006,189238.0
1741955340000,0.17006,0.17006,0.16993,0.16999,686178.0
1741955400000,0.16999,0.17005,0.16995,0.16998,1018975.0
1741955460000,0.16999,0.17,0.16971,0.16975,141654.0
1741955520000,0.16975,0.16975,0.16954,0.16954,131590.0
1741955580000,0.16954,0.16974,0.16947,0.16972,206609.0
1741955640000,0.16973,0.16979,0.16966,0.16966,192680.0
1741955700000,0.16965,0.16978,0.16961,0.16968,136790.0
1741955760000,0.16968,0.16984,0.16968,0.1698,149031.0
1741955820000,0.16979,0.16979,0.16961,0.16969,95209.0
1741955880000,0.16969,0.1699,0.16969,0.16977,78890.0
1741955940000,0.16977,0.16982,0.16958,0.1696,103404.0
1741956000000,0.16959,0.16959,0.16943,0.16944,219435.0
1741956060000,0.16943,0.16945,0.16928,0.16935,772441.0
1741956120000,0.16935,0.16949,0.16932,0.16943,151717.0
1741956180000,0.16942,0.16942,0.16932,0.16932,541137.0
1741956240000,0.16932,0.16936,0.16921,0.16926,318601.0
1741956300000,0.16925,0.16946,0.16925,0.16946,105818.0
1741956360000,0.16945,0.16956,0.16945,0.16955,191382.0
1741956420000,0.16954,0.16954,0.16929,0.16929,215506.0
1741956480000,0.16928,0.16928,0.16864,0.1689,6363828.0
1741956540000,0.16891,0.16919,0.16891,0.16919,166228.0
1741956600000,0.16918,0.16935,0.16916,0.16933,187610.0
1741956660000,0.16933,0.16943,0.16925,0.16942,139727.0
1741956720000,0.16942,0.16956,0.1694,0.16954,153693.0
1741956780000,0.16955,0.16955,0.16948,0.16953,149086.0
1741956840000,0.16953,0.16953,0.16945,0.16948,57122.0
1741956900000,0.16948,0.16959,0.16946,0.16951,306895.0
1741956960000,0.16952,0.16972,0.16952,0.16969,134122.0
1741957020000,0.16969,0.16971,0.16965,0.16965,259603.0
1741957080000,0.16966,0.16978,0.16966,0.16978,241608.0
1741957140000,0.16978,0.16994,0.16978,0.1699,61688.0
1741957200000,0.1699,0.17002,0.1698,0.16988,198125.0
1741957260000,0.16988,0.16999,0.16987,0.16995,153043.0
1741957320000,0.16995,0.17008,0.16989,0.16996,1490168.0
1741957380000,0.16997,0.17,0.16982,0.16994,260627.0
1741957440000,0.16995,0.1703,0.16995,0.1701,585308.0
1741957500000,0.1701,0.17026,0.1701,0.17019,241892.0
1741957560000,0.17021,0.17034,0.1701,0.17016,485069.0
1741957620000,0.17015,0.17025,0.17008,0.17022,520031.0
1741957680000,0.17021,0.17021,0.17005,0.17006,98841.0
1741957740000,0.17006,0.17006,0.16998,0.17003,593231.0
1741957800000,0.17002,0.17028,0.17002,0.17006,314099.0
1741957860000,0.17006,0.1702,0.17,0.17007,181963.0
1741957920000,0.17006,0.17017,0.17006,0.17014,76557.0
1741957980000,0.17014,0.17018,0.17001,0.17005,104238.0
1741958040000,0.17005,0.17005,0.16989,0.16989,260211.0
1741958100000,0.16989,0.1701,0.16989,0.17003,101704.0
1741958160000,0.17002,0.17008,0.16987,0.16991,131439.0
1741958220000,0.1699,0.1699,0.16974,0.16978,137971.0
1741958280000,0.16979,0.17004,0.16979,0.16996,107426.0
1741958340000,0.16996,0.1703,0.16996,0.17023,626477.0
1741958400000,0.17023,0.17047,0.17023,0.17045,267808.0
1741958460000,0.17044,0.17077,0.17042,0.17061,474241.0
1741958520000,0.17061,0.17062,0.1703,0.17037,263785.0
1741958580000,0.17036,0.17036,0.17005,0.1701,187404.0
1741958640000,0.1701,0.17022,0.1701,0.17016,307515.0
1741958700000,0.17017,0.17038,0.17017,0.17021,155762.0
1741958760000,0.17021,0.17022,0.17006,0.17006,231600.0
1741958820000,0.17007,0.1702,0.17007,0.17015,539207.0
1741958880000,0.17015,0.17032,0.17015,0.17025,179575.0
1741958940000,0.17025,0.17033,0.17019,0.17029,78088.0
1741959000000,0.1703,0.17075,0.17027,0.17071,255137.0
1741959060000,0.17071,0.17082,0.17054,0.17058,932414.0
1741959120000,0.17057,0.17069,0.17046,0.1706,695888.0
1741959180000,0.1706,0.17145,0.1706,0.1711,2821944.0
1741959240000,0.17111,0.1712,0.17081,0.171,1693734.0
1741959300000,0.171,0.17125,0.17077,0.1711,476160.0
1741959360000,0.1711,0.1712,0.17102,0.17108,391161.0
1741959420000,0.17108,0.17124,0.17108,0.17112,354456.0
1741959480000,0.17112,0.17114,0.17082,0.17095,541624.0
1741959540000,0.17096,0.17108,0.17089,0.17094,146750.0
1741959600000,0.17094,0.17102,0.17066,0.17066,343705.0
1741959660000,0.17067,0.17075,0.17056,0.17058,487691.0
1741959720000,0.17059,0.17061,0.16997,0.16998,748793.0
1741959780000,0.16998,0.17003,0.16951,0.16973,1087013.0
1741959840000,0.16972,0.17002,0.16963,0.17001,1079442.0
1741959900000,0.17001,0.1705,0.16998,0.17041,1956179.0
1741959960000,0.17042,0.17061,0.17026,0.17049,797597.0
1741960020000,0.17049,0.17075,0.17018,0.17059,379329.0
1741960080000,0.17059,0.1708,0.17037,0.17041,482460.0
1741960140000,0.17042,0.17093,0.17024,0.17087,485442.0
1741960200000,0.17087,0.17158,0.17087,0.17158,742953.0
1741960260000,0.17159,0.17193,0.17157,0.17175,1652376.0
1741960320000,0.17175,0.1718,0.17126,0.1714,4380474.0
1741960380000,0.17139,0.17177,0.17137,0.1715,594950.0
1741960440000,0.17149,0.17216,0.17147,0.172,1536033.0
1741960500000,0.172,0.17216,0.17184,0.17187,1695363.0
1741960560000,0.17187,0.17191,0.17142,0.17143,653830.0
1741960620000,0.17142,0.17161,0.17136,0.17137,402871.0
1741960680000,0.17136,0.17139,0.17119,0.17127,480329.0
1741960740000,0.17128,0.17152,0.17111,0.17147,439515.0
1741960800000,0.17146,0.17146,0.16954,0.17016,14957031.0
1741960860000,0.17016,0.17068,0.1701,0.17023,1473759.0
1741960920000,0.17023,0.17053,0.17005,0.1705,933161.0
1741960980000,0.17051,0.17061,0.1701,0.17031,790809.0
1741961040000,0.17031,0.17087,0.17031,0.17078,645259.0
1741961100000,0.17079,0.17128,0.17047,0.17103,1209511.0
1741961160000,0.17104,0.17134,0.17085,0.17089,1117075.0
1741961220000,0.17089,0.17098,0.17042,0.17048,243118.0
1741961280000,0.17048,0.1705,0.17019,0.17022,227178.0
1741961340000,0.17022,0.17027,0.17005,0.17018,166426.0
1741961400000,0.17019,0.1716,0.17019,0.17106,8067472.0
1741961460000,0.17105,0.17121,0.17082,0.17087,518502.0
1741961520000,0.17086,0.17089,0.17061,0.17082,420749.0
1741961580000,0.17081,0.17101,0.17061,0.17101,313949.0
1741961640000,0.17101,0.17101,0.17037,0.17088,3662387.0
1741961700000,0.17087,0.17135,0.17082,0.17102,859631.0
1741961760000,0.17102,0.17105,0.17076,0.17076,1224607.0
1741961820000,0.17076,0.17081,0.17033,0.17049,700165.0
1741961880000,0.1705,0.1706,0.17014,0.17024,925899.0
1741961940000,0.17025,0.17051,0.1701,0.17051,813650.0
1741962000000,0.17051,0.17062,0.17012,0.17024,442464.0
1741962060000,0.17023,0.17023,0.16984,0.1702,2902280.0
1741962120000,0.1702,0.17044,0.17007,0.17039,485937.0
1741962180000,0.17038,0.1708,0.17026,0.1707,626922.0
1741962240000,0.17071,0.1708,0.17052,0.17074,1212335.0
1741962300000,0.17075,0.17095,0.17056,0.17058,649250.0
1741962360000,0.17058,0.17066,0.17034,0.17035,1172575.0
1741962420000,0.17036,0.17042,0.17015,0.17042,1309137.0
1741962480000,0.17043,0.17061,0.17022,0.1703,344340.0
1741962540000,0.17031,0.17043,0.17012,0.17025,217980.0
1741962600000,0.17026,0.1705,0.17016,0.17049,688030.0
1741962660000,0.17048,0.17078,0.17039,0.17043,411049.0
1741962720000,0.17042,0.17081,0.1704,0.17066,975907.0
1741962780000,0.17065,0.17106,0.17057,0.17084,840062.0
1741962840000,0.17083,0.17125,0.17078,0.17102,588679.0
1741962900000,0.17103,0.17104,0.17069,0.17084,366721.0
1741962960000,0.17085,0.1713,0.1706,0.17115,650751.0
1741963020000,0.17116,0.1717,0.17116,0.17148,752137.0
1741963080000,0.17149,0.172,0.17137,0.17185,1071515.0
1741963140000,0.17185,0.17198,0.1716,0.17162,1326442.0
1741963200000,0.17162,0.17208,0.17159,0.17189,909707.0
1741963260000,0.17188,0.17204,0.17143,0.17143,1355298.0
1741963320000,0.17144,0.1715,0.1713,0.17131,1068246.0
1741963380000,0.17132,0.17147,0.17118,0.17134,1415920.0
1741963440000,0.17134,0.17175,0.17132,0.17133,911282.0
1741963500000,0.17133,0.17168,0.17112,0.17125,1026230.0
1741963560000,0.17126,0.17147,0.17094,0.17147,914352.0
1741963620000,0.17148,0.17157,0.17116,0.17118,309968.0
1741963680000,0.17119,0.17157,0.17118,0.17146,247670.0
1741963740000,0.17146,0.17155,0.17125,0.17139,558068.0
1741963800000,0.17139,0.17167,0.17131,0.17152,944362.0
1741963860000,0.17152,0.17167,0.17146,0.17167,81079.0
1741963920000,0.17168,0.17207,0.1716,0.17191,2949208.0
1741963980000,0.1719,0.17208,0.17183,0.17191,394080.0
1741964040000,0.17191,0.17201,0.17157,0.17165,770640.0
1741964100000,0.17165,0.17167,0.17139,0.17141,291566.0
1741964160000,0.1714,0.17154,0.17118,0.17154,634859.0
1741964220000,0.17155,0.17164,0.17149,0.17159,408314.0
1741964280000,0.17159,0.17168,0.17153,0.17161,384206.0
1741964340000,0.17161,0.1717,0.17155,0.1717,197864.0
1741964400000,0.17171,0.17208,0.17171,0.17182,1038998.0
1741964460000,0.17183,0.17208,0.17179,0.17207,426788.0
1741964520000,0.17208,0.17271,0.17205,0.17249,2041784.0
1741964580000,0.17249,0.17286,0.17232,0.17285,1913824.0
1741964640000,0.17285,0.17289,0.17262,0.1727,1631477.0
1741964700000,0.1727,0.17299,0.17254,0.17279,1193886.0
1741964760000,0.1728,0.17356,0.1728,0.1731,4356988.0
1741964820000,0.1731,0.17346,0.17307,0.17331,950616.0
1741964880000,0.17332,0.17397,0.17332,0.1739,2037258.0
1741964940000,0.17391,0.174,0.17345,0.17356,1747284.0
1741965000000,0.17357,0.17385,0.17334,0.17334,795767.0
1741965060000,0.17334,0.17377,0.17325,0.17363,1673251.0
1741965120000,0.17363,0.17385,0.17358,0.17362,1976000.0
1741965180000,0.17361,0.17365,0.17333,0.17334,1588967.0
1741965240000,0.17335,0.17353,0.1733,0.17344,1881173.0
1741965300000,0.17345,0.17356,0.17314,0.17317,949878.0
1741965360000,0.17317,0.17367,0.17311,0.17361,1258791.0
1741965420000,0.17361,0.17488,0.1736,0.17461,3465645.0
1741965480000,0.17461,0.175,0.17457,0.17464,2891185.0
1741965540000,0.17464,0.175,0.17464,0.1748,1905026.0
1741965600000,0.1748,0.175,0.17478,0.17483,1307961.0
1741965660000,0.17483,0.17488,0.17422,0.17422,827381.0
1741965720000,0.17421,0.17464,0.1742,0.17464,304348.0
1741965780000,0.17464,0.17489,0.17458,0.1747,1237128.0
1741965840000,0.1747,0.1749,0.17443,0.17443,658081.0
1741965900000,0.17443,0.17483,0.17424,0.17475,2932348.0
1741965960000,0.17475,0.17501,0.17467,0.17469,1232304.0
1741966020000,0.17468,0.17478,0.17447,0.17459,962462.0
1741966080000,0.17459,0.1747,0.17442,0.17464,514985.0
1741966140000,0.17465,0.17489,0.17454,0.17487,1374233.0
1741966200000,0.17487,0.17537,0.1748,0.17519,2039306.0
1741966260000,0.1752,0.17532,0.17485,0.1751,3584543.0
1741966320000,0.1751,0.17546,0.17502,0.1754,1768327.0
1741966380000,0.17539,0.17613,0.1753,0.17613,4288339.0
1741966440000,0.17614,0.17626,0.17526,0.17541,1393061.0
1741966500000,0.17541,0.17591,0.17534,0.17573,785182.0
1741966560000,0.17572,0.17582,0.17521,0.17531,1797007.0
1741966620000,0.1753,0.17543,0.17499,0.17501,1670406.0
1741966680000,0.17501,0.17532,0.17488,0.17532,3633076.0
1741966740000,0.17532,0.17534,0.17499,0.17515,515025.0
1741966800000,0.17516,0.1754,0.17514,0.17529,497646.0
1741966860000,0.17529,0.1757,0.1752,0.17539,1446743.0
1741966920000,0.1754,0.17556,0.17513,0.17513,553177.0
1741966980000,0.17512,0.17525,0.17501,0.17504,491647.0
1741967040000,0.17504,0.17522,0.17491,0.17522,4148180.0
1741967100000,0.17523,0.1754,0.17478,0.17488,4123298.0
1741967160000,0.17488,0.17498,0.17432,0.17452,1610002.0
1741967220000,0.17452,0.1746,0.17421,0.17431,1006253.0
1741967280000,0.17431,0.1744,0.17408,0.17417,1297653.0
1741967340000,0.17417,0.17437,0.17384,0.17409,1375819.0
1741967400000,0.17409,0.17446,0.17406,0.17434,4505497.0
1741967460000,0.17434,0.17434,0.17405,0.17425,5402612.0
1741967520000,0.17425,0.1744,0.1739,0.1739,1646548.0
1741967580000,0.17391,0.17393,0.17303,0.17326,7188250.0
1741967640000,0.17325,0.17362,0.17325,0.17361,1190936.0
1741967700000,0.17361,0.17364,0.17345,0.17354,872667.0
1741967760000,0.17354,0.17361,0.17334,0.17361,719906.0
1741967820000,0.17362,0.17385,0.17354,0.17378,942794.0
1741967880000,0.17378,0.17394,0.17329,0.17329,701295.0
1741967940000,0.17329,0.17345,0.17316,0.17342,653680.0
1741968000000,0.17343,0.17373,0.17342,0.17363,678856.0
1741968060000,0.17362,0.17396,0.1736,0.17395,866213.0
1741968120000,0.17395,0.17415,0.17351,0.17351,1421881.0
1741968180000,0.17351,0.17365,0.17283,0.17302,1904254.0
1741968240000,0.17303,0.17317,0.17288,0.17289,1542788.0
1741968300000,0.17288,0.1731,0.17262,0.1727,1051068.0
1741968360000,0.17271,0.17292,0.17262,0.17278,1453764.0
1741968420000,0.17278,0.17287,0.17246,0.17264,979758.0
1741968480000,0.17263,0.17288,0.17237,0.17239,719001.0
1741968540000,0.17239,0.1726,0.17235,0.17252,1249959.0
1741968600000,0.17253,0.17286,0.17253,0.17276,392950.0
1741968660000,0.17276,0.17288,0.17269,0.17282,703565.0
1741968720000,0.17282,0.17286,0.17261,0.17269,353751.0
1741968780000,0.1727,0.17287,0.17269,0.17274,227516.0
1741968840000,0.17275,0.17281,0.17266,0.17267,228946.0
1741968900000,0.17267,0.17295,0.17266,0.17295,523858.0
1741968960000,0.17295,0.17295,0.17251,0.17277,475458.0
1741969020000,0.17278,0.17316,0.1727,0.17315,1319803.0
1741969080000,0.17315,0.17335,0.17308,0.17335,1557735.0
1741969140000,0.17335,0.17342,0.17318,0.17323,997081.0
1741969200000,0.17323,0.17376,0.17317,0.17366,1856340.0
1741969260000,0.17366,0.17379,0.1736,0.17368,454510.0
1741969320000,0.17369,0.1737,0.17342,0.17342,2845154.0
1741969380000,0.17343,0.1736,0.17329,0.1733,406498.0
1741969440000,0.1733,0.17353,0.1733,0.17332,344252.0
1741969500000,0.17332,0.17347,0.17299,0.17299,417290.0
1741969560000,0.17299,0.173,0.17271,0.17273,539512.0
1741969620000,0.17273,0.17278,0.1725,0.17252,490239.0
1741969680000,0.17252,0.17258,0.17244,0.17244,1067858.0
1741969740000,0.17243,0.17256,0.17243,0.17253,213092.0
1741969800000,0.17252,0.17261,0.17229,0.17248,845629.0
1741969860000,0.17248,0.17249,0.172,0.17207,1619272.0
1741969920000,0.17207,0.17251,0.17187,0.17224,408076.0
1741969980000,0.17225,0.17235,0.17192,0.17208,637040.0
1741970040000,0.17209,0.17228,0.17191,0.17227,660695.0
1741970100000,0.17228,0.17248,0.17218,0.17243,509781.0
1741970160000,0.17244,0.17264,0.17242,0.17255,297912.0
1741970220000,0.17256,0.17262,0.17239,0.17241,380778.0
1741970280000,0.17242,0.17272,0.17232,0.17271,310309.0
1741970340000,0.17272,0.17273,0.17245,0.17252,548981.0
1741970400000,0.17253,0.17272,0.17245,0.17251,937910.0
1741970460000,0.17252,0.17262,0.17237,0.17251,470463.0
1741970520000,0.17251,0.17278,0.17246,0.17246,1584437.0
1741970580000,0.17247,0.17277,0.17245,0.17262,893428.0
1741970640000,0.17261,0.17272,0.17256,0.1727,548697.0
1741970700000,0.17269,0.17269,0.17252,0.17268,301101.0
1741970760000,0.17267,0.17267,0.17226,0.17229,138586.0
1741970820000,0.1723,0.17232,0.17208,0.17226,222532.0
1741970880000,0.17227,0.17237,0.17217,0.17231,157737.0
1741970940000,0.17232,0.1727,0.17232,0.17252,802568.0
1741971000000,0.17252,0.17285,0.17251,0.17281,153412.0
1741971060000,0.17281,0.17305,0.17277,0.17305,862196.0
1741971120000,0.17304,0.17331,0.173,0.17324,1227003.0
1741971180000,0.17325,0.17341,0.17304,0.17341,225765.0
1741971240000,0.17341,0.17347,0.1732,0.17321,568033.0
1741971300000,0.1732,0.1733,0.17308,0.17311,301409.0
1741971360000,0.17311,0.17329,0.1731,0.1731,706574.0
1741971420000,0.1731,0.17318,0.1731,0.17318,280493.0
1741971480000,0.17318,0.17329,0.17311,0.17324,229370.0
1741971540000,0.17324,0.17324,0.17311,0.17322,160349.0
1741971600000,0.17322,0.17339,0.1731,0.17324,525998.0
1741971660000,0.17325,0.17346,0.17319,0.17334,373669.0
1741971720000,0.17333,0.17358,0.17327,0.17353,546292.0
1741971780000,0.17354,0.17358,0.17293,0.17307,1885950.0
1741971840000,0.17308,0.17314,0.17296,0.173,386644.0
1741971900000,0.173,0.17312,0.17263,0.17275,829379.0
1741971960000,0.17276,0.17293,0.17271,0.17293,140741.0
1741972020000,0.17293,0.17295,0.17276,0.17293,97874.0
1741972080000,0.17293,0.17333,0.17293,0.1731,165871.0
1741972140000,0.17311,0.17315,0.17289,0.1729,236777.0
1741972200000,0.1729,0.17292,0.17263,0.1727,354664.0
1741972260000,0.17269,0.1727,0.17254,0.17261,201847.0
1741972320000,0.17261,0.17267,0.17236,0.17236,797337.0
1741972380000,0.17236,0.17257,0.17236,0.17256,110065.0
1741972440000,0.17257,0.1727,0.17248,0.17264,106242.0
1741972500000,0.17265,0.17272,0.17245,0.17247,86282.0
1741972560000,0.17248,0.17249,0.1723,0.17233,179739.0
1741972620000,0.17233,0.17239,0.17209,0.17224,175348.0
1741972680000,0.17224,0.17228,0.17208,0.17228,347419.0
1741972740000,0.17228,0.17229,0.172,0.17222,472698.0
1741972800000,0.17221,0.1724,0.17217,0.17232,75408.0
1741972860000,0.17231,0.17253,0.17231,0.17253,41051.0
1741972920000,0.17253,0.17263,0.17223,0.17223,182576.0
1741972980000,0.17223,0.17223,0.17209,0.17215,152186.0
1741973040000,0.17215,0.17215,0.17203,0.17209,56021.0
1741973100000,0.17209,0.17223,0.17204,0.17212,65746.0
1741973160000,0.17211,0.17213,0.1717,0.17182,526823.0
1741973220000,0.17181,0.1719,0.17166,0.17186,894913.0
1741973280000,0.17186,0.17196,0.17175,0.17186,549001.0
1741973340000,0.17187,0.17195,0.17181,0.17183,226069.0
1741973400000,0.17184,0.172,0.17184,0.17193,129949.0
1741973460000,0.17193,0.17204,0.17184,0.17192,535099.0
1741973520000,0.17191,0.17217,0.17177,0.17177,263174.0
1741973580000,0.17177,0.1718,0.1716,0.1716,490460.0
1741973640000,0.17159,0.17162,0.17133,0.17149,644944.0
1741973700000,0.17149,0.17153,0.1713,0.17151,524920.0
1741973760000,0.17151,0.17155,0.1711,0.17113,735790.0
1741973820000,0.17112,0.17134,0.1711,0.17114,518045.0
1741973880000,0.17114,0.1714,0.17111,0.17137,175575.0
1741973940000,0.17138,0.17154,0.1712,0.17151,757858.0
1741974000000,0.17151,0.17168,0.17146,0.17147,240793.0
1741974060000,0.17148,0.17161,0.17145,0.1715,156547.0
1741974120000,0.1715,0.1715,0.17133,0.17146,224488.0
1741974180000,0.17146,0.17148,0.17126,0.17136,295465.0
1741974240000,0.17137,0.17142,0.17115,0.17123,447566.0
1741974300000,0.17123,0.17137,0.17119,0.1713,634765.0
1741974360000,0.17131,0.17139,0.17115,0.17138,517397.0
1741974420000,0.17139,0.1714,0.17127,0.17131,82815.0
1741974480000,0.1713,0.1713,0.17095,0.17112,371259.0
1741974540000,0.17112,0.1713,0.17101,0.17112,883463.0
1741974600000,0.17111,0.17126,0.17097,0.17107,437741.0
1741974660000,0.17106,0.17123,0.17092,0.17102,3496580.0
1741974720000,0.17101,0.17103,0.17091,0.17091,553262.0
1741974780000,0.1709,0.17107,0.17083,0.17107,260856.0
1741974840000,0.17107,0.17131,0.17102,0.17114,307960.0
1741974900000,0.17113,0.1712,0.17109,0.17115,153048.0
1741974960000,0.17116,0.17141,0.17116,0.17141,218017.0
1741975020000,0.17142,0.17149,0.17135,0.17147,927439.0
1741975080000,0.17147,0.17157,0.17134,0.17154,266598.0
1741975140000,0.17155,0.17155,0.1714,0.17153,158727.0
1741975200000,0.17154,0.17178,0.1715,0.17159,322572.0
1741975260000,0.1716,0.1718,0.1716,0.17162,325586.0
1741975320000,0.17162,0.17175,0.17151,0.17172,277520.0
1741975380000,0.17172,0.1718,0.17169,0.1718,792530.0
1741975440000,0.17181,0.17195,0.17179,0.17179,118618.0
1741975500000,0.17178,0.17178,0.17152,0.17158,173510.0
1741975560000,0.17159,0.17175,0.17155,0.17166,679518.0
1741975620000,0.17167,0.17169,0.1715,0.1715,124800.0
1741975680000,0.17151,0.17157,0.17139,0.17151,156334.0
1741975740000,0.17151,0.17156,0.17134,0.17156,151185.0
1741975800000,0.17155,0.17168,0.17152,0.17161,368652.0
1741975860000,0.17161,0.17163,0.17133,0.17142,128386.0
1741975920000,0.17141,0.17144,0.17134,0.17138,202106.0
1741975980000,0.17138,0.17138,0.17101,0.17103,424171.0
1741976040000,0.17104,0.17121,0.17104,0.17121,117115.0
1741976100000,0.1712,0.17124,0.17111,0.17124,313531.0
1741976160000,0.17125,0.17125,0.17088,0.17103,248588.0
1741976220000,0.17104,0.17114,0.17098,0.17113,122291.0
1741976280000,0.17112,0.17113,0.171,0.17103,154694.0
1741976340000,0.17103,0.17114,0.17092,0.17092,266247.0
1741976400000,0.17092,0.17102,0.17087,0.171,265110.0
1741976460000,0.17099,0.17112,0.17087,0.17098,417556.0
1741976520000,0.17098,0.171,0.17088,0.17097,296097.0
1741976580000,0.17096,0.17096,0.17072,0.17079,299636.0
1741976640000,0.17079,0.17083,0.17062,0.1708,180629.0
1741976700000,0.1708,0.17082,0.17073,0.17073,276113.0
1741976760000,0.17074,0.17091,0.17074,0.1709,343698.0
1741976820000,0.1709,0.17098,0.17089,0.17089,116521.0
1741976880000,0.17089,0.17097,0.17078,0.17078,368471.0
1741976940000,0.17077,0.17086,0.17077,0.17085,67474.0
1741977000000,0.17086,0.17091,0.17071,0.1709,145515.0
1741977060000,0.17091,0.17101,0.1708,0.17081,92294.0
1741977120000,0.17081,0.17098,0.17081,0.17094,451923.0
1741977180000,0.17094,0.17102,0.17087,0.17098,284241.0
1741977240000,0.17098,0.1712,0.17098,0.17108,426405.0
1741977300000,0.17107,0.17119,0.17105,0.17116,104151.0
1741977360000,0.17117,0.17131,0.17116,0.17122,75738.0
1741977420000,0.17121,0.17129,0.17113,0.17128,195240.0
1741977480000,0.17128,0.1715,0.17128,0.17145,788228.0
1741977540000,0.17145,0.17167,0.17141,0.17158,366440.0
1741977600000,0.17159,0.17164,0.17153,0.17159,138415.0
1741977660000,0.1716,0.17173,0.17153,0.17156,172724.0
1741977720000,0.17157,0.17159,0.1714,0.17144,403600.0
1741977780000,0.17145,0.17152,0.17144,0.17145,71340.0
1741977840000,0.17145,0.1715,0.17138,0.1715,144766.0
1741977900000,0.17151,0.17154,0.1714,0.17141,231196.0
1741977960000,0.1714,0.17143,0.17124,0.17134,85395.0
1741978020000,0.17135,0.17141,0.17133,0.17141,37236.0
1741978080000,0.17142,0.17144,0.1713,0.1713,94064.0
1741978140000,0.17129,0.1714,0.17129,0.17136,225037.0
1741978200000,0.17135,0.17139,0.17125,0.17132,75268.0
1741978260000,0.17133,0.17134,0.17125,0.17128,68454.0
1741978320000,0.17127,0.17127,0.17108,0.17127,87195.0
1741978380000,0.17126,0.1713,0.17125,0.17126,11693.0
1741978440000,0.17127,0.17129,0.1712,0.17121,56975.0
1741978500000,0.1712,0.17123,0.17113,0.1712,306578.0
1741978560000,0.1712,0.17128,0.1712,0.17124,136923.0
1741978620000,0.17124,0.17127,0.1711,0.17127,53842.0
1741978680000,0.17128,0.17131,0.17125,0.17127,354459.0
1741978740000,0.17126,0.17129,0.1712,0.1712,25378.0
1741978800000,0.1712,0.17121,0.17113,0.17113,80219.0
1741978860000,0.17113,0.17113,0.17103,0.17111,138627.0
1741978920000,0.1711,0.17111,0.17101,0.17101,394027.0
1741978980000,0.17101,0.17114,0.17098,0.17114,366515.0
1741979040000,0.17115,0.17131,0.17113,0.17118,136280.0
1741979100000,0.17119,0.17132,0.17119,0.1713,208155.0
1741979160000,0.17131,0.17163,0.17131,0.1716,200452.0
1741979220000,0.1716,0.17174,0.1716,0.17165,967743.0
1741979280000,0.17165,0.17168,0.17161,0.17161,307131.0
1741979340000,0.1716,0.1717,0.17159,0.17167,2549585.0
1741979400000,0.17166,0.17176,0.17163,0.17169,246170.0
1741979460000,0.1717,0.17192,0.17169,0.17191,1079681.0
1741979520000,0.1719,0.17223,0.1719,0.17223,308783.0
1741979580000,0.17224,0.17225,0.17211,0.17211,390033.0
1741979640000,0.17212,0.17221,0.17209,0.1721,155071.0
1741979700000,0.17209,0.17211,0.17196,0.17196,367372.0
1741979760000,0.17196,0.17202,0.1719,0.17201,237061.0
1741979820000,0.17201,0.17208,0.17191,0.17192,171454.0
1741979880000,0.17192,0.17194,0.17186,0.17192,610956.0
1741979940000,0.1719,0.17223,0.17187,0.17223,355479.0
1741980000000,0.17224,0.17243,0.17218,0.17218,487180.0
1741980060000,0.17217,0.17221,0.17206,0.17209,233863.0
1741980120000,0.17208,0.17208,0.17183,0.17184,125439.0
1741980180000,0.17184,0.17194,0.17182,0.17194,28220.0
1741980240000,0.17193,0.17196,0.17189,0.17191,250281.0
1741980300000,0.17192,0.17192,0.17175,0.17186,237939.0
1741980360000,0.17186,0.17186,0.17175,0.17175,237106.0
1741980420000,0.17175,0.17182,0.17166,0.17171,140958.0
1741980480000,0.17172,0.17172,0.17146,0.1716,931019.0
1741980540000,0.1716,0.17161,0.17159,0.17161,74866.0
1741980600000,0.17161,0.17165,0.17157,0.17165,219703.0
1741980660000,0.17165,0.17167,0.17157,0.17159,41559.0
1741980720000,0.17159,0.17165,0.17148,0.17156,132060.0
1741980780000,0.17157,0.17164,0.17136,0.17136,836290.0
1741980840000,0.17136,0.17146,0.17129,0.17146,107675.0
1741980900000,0.17147,0.17153,0.17137,0.17149,75370.0
1741980960000,0.17149,0.17149,0.17115,0.1713,103011.0
1741981020000,0.17131,0.17156,0.17129,0.17147,301596.0
1741981080000,0.17148,0.17149,0.1714,0.1714,98287.0
1741981140000,0.1714,0.1714,0.17131,0.17136,38025.0
1741981200000,0.17135,0.17148,0.17126,0.17142,174927.0
1741981260000,0.17143,0.17143,0.17112,0.17114,203079.0
1741981320000,0.17114,0.17114,0.17104,0.17113,573502.0
1741981380000,0.17113,0.17122,0.17094,0.17102,425585.0
1741981440000,0.17102,0.17102,0.17091,0.17091,543671.0
1741981500000,0.1709,0.1709,0.17058,0.17058,248284.0
1741981560000,0.17058,0.17058,0.17032,0.17032,396499.0
1741981620000,0.17033,0.17066,0.17031,0.1706,518768.0
1741981680000,0.17061,0.17069,0.17053,0.17065,46652.0
1741981740000,0.17066,0.17073,0.17059,0.17073,340102.0
1741981800000,0.17073,0.1708,0.17063,0.17066,251815.0
1741981860000,0.17067,0.17095,0.17067,0.17089,176724.0
1741981920000,0.1709,0.17091,0.17073,0.17076,151850.0
1741981980000,0.17075,0.17082,0.17061,0.17065,765937.0
1741982040000,0.17065,0.17092,0.17064,0.1709,594028.0
1741982100000,0.17089,0.17091,0.1708,0.17084,106202.0
1741982160000,0.17085,0.17102,0.17085,0.17096,309942.0
1741982220000,0.17095,0.17096,0.17087,0.17089,168750.0
1741982280000,0.1709,0.17108,0.1709,0.17107,442944.0
1741982340000,0.17107,0.17112,0.17093,0.17093,67321.0
1741982400000,0.17092,0.17095,0.17064,0.17064,321000.0
1741982460000,0.17065,0.17068,0.17034,0.1704,525007.0
1741982520000,0.17041,0.17048,0.17035,0.1704,213271.0
1741982580000,0.1704,0.17056,0.17039,0.17041,151221.0
1741982640000,0.17041,0.17058,0.17032,0.17057,875372.0
1741982700000,0.17056,0.17056,0.1703,0.1703,170708.0
1741982760000,0.17031,0.17038,0.1703,0.17038,70606.0
1741982820000,0.17038,0.1704,0.17029,0.17038,200180.0
1741982880000,0.17039,0.17059,0.17034,0.17035,184613.0
1741982940000,0.17036,0.17048,0.17036,0.1704,87748.0
1741983000000,0.1704,0.17044,0.17024,0.17037,150601.0
1741983060000,0.17037,0.17044,0.17032,0.17033,115337.0
1741983120000,0.17033,0.17037,0.17014,0.17017,510119.0
1741983180000,0.17018,0.17027,0.17015,0.17016,810644.0
1741983240000,0.17015,0.17019,0.1701,0.17019,192606.0
1741983300000,0.1702,0.17036,0.17019,0.17036,158763.0
1741983360000,0.17035,0.1704,0.17018,0.17025,867808.0
1741983420000,0.17026,0.17028,0.17006,0.17017,529933.0
1741983480000,0.17017,0.17033,0.17017,0.17026,355481.0
1741983540000,0.17026,0.17036,0.17002,0.17004,406469.0
1741983600000,0.17005,0.17005,0.16961,0.16981,2352489.0
1741983660000,0.1698,0.1698,0.1694,0.16975,1046365.0
1741983720000,0.16975,0.16977,0.16949,0.16955,230283.0
1741983780000,0.16957,0.16957,0.1693,0.16934,1408961.0
1741983840000,0.16935,0.1696,0.16929,0.16955,618179.0
1741983900000,0.16955,0.16983,0.16954,0.16977,240875.0
1741983960000,0.16978,0.17004,0.16978,0.17003,377624.0
1741984020000,0.17002,0.17006,0.16996,0.16997,117792.0
1741984080000,0.16996,0.17016,0.16992,0.17003,508069.0
1741984140000,0.17003,0.17012,0.17003,0.17011,168683.0
1741984200000,0.1701,0.17027,0.17007,0.17011,596127.0
1741984260000,0.17011,0.17011,0.16982,0.17004,278374.0
1741984320000,0.17005,0.17005,0.16975,0.16985,102552.0
1741984380000,0.16986,0.17016,0.1698,0.17001,300155.0
1741984440000,0.17001,0.17001,0.16983,0.16999,223130.0
1741984500000,0.16999,0.16999,0.16977,0.16989,345619.0
1741984560000,0.1699,0.17012,0.16989,0.16999,73708.0
1741984620000,0.16999,0.17015,0.16999,0.17014,66183.0
1741984680000,0.17014,0.17028,0.17008,0.1702,743923.0
1741984740000,0.1702,0.17024,0.1701,0.17011,510229.0
1741984800000,0.1701,0.17026,0.17007,0.17007,155027.0
1741984860000,0.17007,0.17012,0.17003,0.17007,54456.0
1741984920000,0.17006,0.17018,0.17005,0.17016,39042.0
1741984980000,0.17016,0.17035,0.17015,0.17027,82041.0
1741985040000,0.17028,0.17031,0.17023,0.17025,133281.0
1741985100000,0.17026,0.17026,0.17013,0.17017,126968.0
1741985160000,0.17018,0.17018,0.1701,0.1701,55291.0
1741985220000,0.17009,0.17009,0.17001,0.17007,49946.0
1741985280000,0.17008,0.17027,0.17006,0.17022,52857.0
1741985340000,0.17021,0.17031,0.17021,0.17021,96996.0
1741985400000,0.1702,0.1702,0.17001,0.17018,82439.0
1741985460000,0.17017,0.17019,0.17009,0.17013,45958.0
1741985520000,0.17013,0.17019,0.17004,0.17006,85159.0
1741985580000,0.17006,0.17008,0.16995,0.17,117574.0
1741985640000,0.17,0.1702,0.16998,0.1702,189645.0
1741985700000,0.17021,0.17044,0.1702,0.17038,217249.0
1741985760000,0.17037,0.17041,0.17034,0.17037,228240.0
1741985820000,0.17036,0.1704,0.17029,0.17039,101674.0
1741985880000,0.17038,0.17048,0.17033,0.17046,261453.0
1741985940000,0.17047,0.17055,0.17045,0.17049,87901.0
1741986000000,0.17049,0.17055,0.17044,0.17044,143375.0
1741986060000,0.17043,0.17054,0.17038,0.17046,106994.0
1741986120000,0.17047,0.17055,0.17043,0.17055,91279.0
1741986180000,0.17054,0.17055,0.17046,0.17049,183668.0
1741986240000,0.17049,0.17053,0.17032,0.1704,378506.0
1741986300000,0.1704,0.1704,0.17035,0.17036,332712.0
1741986360000,0.17037,0.17043,0.17026,0.17027,3217334.0
1741986420000,0.17026,0.17032,0.17019,0.17021,317223.0
1741986480000,0.1702,0.17043,0.17019,0.17042,494667.0
1741986540000,0.17042,0.17045,0.17034,0.17035,168979.0
1741986600000,0.17035,0.17039,0.17031,0.17033,133820.0
1741986660000,0.17034,0.17043,0.17028,0.17043,243496.0
1741986720000,0.17042,0.17042,0.17023,0.17023,235342.0
1741986780000,0.17023,0.17043,0.1702,0.17042,198965.0
1741986840000,0.17042,0.17042,0.17006,0.17031,184036.0
1741986900000,0.17032,0.17044,0.17027,0.17043,59167.0
1741986960000,0.17042,0.17052,0.17027,0.17052,172193.0
1741987020000,0.17053,0.17057,0.17034,0.17044,152603.0
1741987080000,0.17043,0.17059,0.17043,0.17056,85363.0
1741987140000,0.17056,0.17064,0.17053,0.17054,93035.0
1741987200000,0.17053,0.17056,0.17048,0.17056,131578.0
1741987260000,0.17055,0.17055,0.17045,0.17054,55397.0
1741987320000,0.17055,0.17069,0.17048,0.17048,64138.0
1741987380000,0.17049,0.17054,0.17046,0.17054,31398.0
1741987440000,0.17054,0.17065,0.17051,0.17062,141959.0
1741987500000,0.17061,0.17062,0.17039,0.1704,81352.0
1741987560000,0.1704,0.17047,0.17039,0.17046,96442.0
1741987620000,0.17046,0.17052,0.17046,0.17051,63945.0
1741987680000,0.1705,0.17051,0.1704,0.17043,71297.0
1741987740000,0.17043,0.1705,0.17043,0.1705,96487.0
1741987800000,0.1705,0.17055,0.17041,0.17041,554799.0
1741987860000,0.17042,0.17054,0.17041,0.17054,20173.0
1741987920000,0.17054,0.17075,0.17054,0.17074,129643.0
1741987980000,0.17075,0.17082,0.17073,0.17081,43966.0
1741988040000,0.17081,0.17085,0.17077,0.17078,145139.0
1741988100000,0.17077,0.1709,0.17069,0.1708,730414.0
1741988160000,0.1708,0.1708,0.17067,0.17075,122216.0
1741988220000,0.17075,0.17099,0.17075,0.17096,60660.0
1741988280000,0.17096,0.17099,0.17094,0.17099,85035.0
1741988340000,0.17098,0.17098,0.17079,0.17084,46117.0
1741988400000,0.17083,0.17094,0.17082,0.17093,157871.0
1741988460000,0.17093,0.17093,0.17079,0.17084,31167.0
1741988520000,0.17084,0.171,0.17084,0.171,140767.0
1741988580000,0.171,0.17124,0.17099,0.17123,299228.0
1741988640000,0.17122,0.17128,0.17107,0.17113,451223.0
1741988700000,0.17112,0.17112,0.17095,0.17095,209006.0
1741988760000,0.17095,0.17113,0.17093,0.17112,294873.0
1741988820000,0.17113,0.17119,0.17112,0.17117,145583.0
1741988880000,0.17118,0.17129,0.17118,0.17119,154947.0
1741988940000,0.1712,0.17136,0.17119,0.17136,214641.0
1741989000000,0.17137,0.17146,0.17137,0.17145,125691.0
1741989060000,0.17145,0.17148,0.17145,0.17148,105762.0
1741989120000,0.17148,0.17148,0.17146,0.17147,41561.0
1741989180000,0.17147,0.17152,0.17146,0.17152,30702.0
1741989240000,0.17151,0.17155,0.17139,0.17154,271545.0
1741989300000,0.17154,0.17154,0.17139,0.1714,83017.0
1741989360000,0.17139,0.17139,0.17131,0.17139,1199657.0
1741989420000,0.17139,0.1716,0.17139,0.17155,214957.0
1741989480000,0.17156,0.1718,0.17156,0.17176,472641.0
1741989540000,0.17176,0.17176,0.17161,0.17162,480309.0
1741989600000,0.17162,0.17177,0.17157,0.17161,104524.0
1741989660000,0.1716,0.1716,0.17134,0.17145,210803.0
1741989720000,0.17144,0.17154,0.17129,0.17135,623552.0
1741989780000,0.17134,0.17156,0.17132,0.17156,57412.0
1741989840000,0.17155,0.17163,0.17151,0.17151,52266.0
1741989900000,0.17152,0.17153,0.17142,0.17146,310358.0
1741989960000,0.17146,0.17149,0.17129,0.17132,124991.0
1741990020000,0.17133,0.17147,0.17133,0.17147,31402.0
1741990080000,0.17147,0.17155,0.17135,0.17138,221097.0
1741990140000,0.17138,0.17153,0.17138,0.17147,51083.0
1741990200000,0.17147,0.17148,0.17139,0.17146,74442.0
1741990260000,0.17145,0.17149,0.17142,0.17144,135719.0
1741990320000,0.17145,0.1715,0.17135,0.1715,135719.0
1741990380000,0.17151,0.17168,0.17151,0.17166,130043.0
1741990440000,0.17167,0.17167,0.17151,0.17153,54659.0
1741990500000,0.17153,0.17163,0.17153,0.17162,72072.0
1741990560000,0.17163,0.17172,0.17152,0.1717,84096.0
1741990620000,0.1717,0.17199,0.1717,0.17188,485176.0
1741990680000,0.17187,0.17208,0.17183,0.17206,357842.0
1741990740000,0.17206,0.1721,0.17202,0.17202,472539.0
1741990800000,0.17202,0.17202,0.17184,0.17188,390293.0
1741990860000,0.17188,0.17201,0.17186,0.17201,85931.0
1741990920000,0.172,0.17204,0.17197,0.17204,76801.0
1741990980000,0.17203,0.17203,0.17186,0.17198,101851.0
1741991040000,0.17198,0.17201,0.17194,0.17198,51341.0
1741991100000,0.17197,0.172,0.17193,0.172,169662.0
1741991160000,0.172,0.17221,0.172,0.17213,297510.0
1741991220000,0.17213,0.17229,0.17213,0.17224,673153.0
1741991280000,0.17225,0.17225,0.17213,0.17218,635357.0
1741991340000,0.17218,0.17222,0.17211,0.17211,197669.0
1741991400000,0.17212,0.1722,0.17209,0.17216,228150.0
1741991460000,0.17216,0.17224,0.17216,0.17222,514951.0
1741991520000,0.17223,0.17239,0.17222,0.17236,292542.0
1741991580000,0.17236,0.1725,0.17234,0.17246,364908.0
1741991640000,0.17246,0.17248,0.17243,0.17247,179694.0
1741991700000,0.17247,0.17247,0.1724,0.17245,245992.0
1741991760000,0.17246,0.17255,0.17235,0.17235,405334.0
1741991820000,0.17234,0.17241,0.17227,0.17237,68097.0
1741991880000,0.17237,0.17248,0.17234,0.17247,78757.0
1741991940000,0.17246,0.17246,0.17238,0.17245,63231.0
1741992000000,0.17245,0.17245,0.17235,0.17239,92795.0
1741992060000,0.17239,0.17246,0.17239,0.17244,24530.0
1741992120000,0.17245,0.17254,0.17244,0.17247,129619.0
1741992180000,0.17247,0.17268,0.17247,0.17268,218081.0
1741992240000,0.17268,0.1727,0.17264,0.17267,168730.0
1741992300000,0.17267,0.17273,0.17262,0.1727,124678.0
1741992360000,0.1727,0.17291,0.1727,0.17279,383602.0
1741992420000,0.17278,0.17278,0.17262,0.17267,65888.0
1741992480000,0.17268,0.17292,0.17268,0.17282,178980.0
1741992540000,0.17283,0.17306,0.1728,0.17302,223633.0
1741992600000,0.17301,0.17306,0.173,0.17303,238800.0
1741992660000,0.17303,0.17318,0.17303,0.17314,199662.0
1741992720000,0.17315,0.17338,0.17315,0.17337,439750.0
1741992780000,0.17337,0.17355,0.17331,0.17334,3012658.0
1741992840000,0.17334,0.17355,0.17334,0.1734,356190.0
1741992900000,0.17341,0.17363,0.17341,0.17352,248737.0
1741992960000,0.17352,0.17355,0.17342,0.17346,268367.0
1741993020000,0.17347,0.17349,0.17331,0.17331,116199.0
1741993080000,0.17332,0.17334,0.17314,0.17314,248026.0
1741993140000,0.17315,0.17328,0.17315,0.17328,132147.0
1741993200000,0.17329,0.17332,0.17308,0.17315,453234.0
1741993260000,0.17315,0.17319,0.1731,0.17319,75893.0
1741993320000,0.17319,0.17319,0.17279,0.17286,1291901.0
1741993380000,0.17286,0.17296,0.17277,0.17294,248784.0
1741993440000,0.17293,0.17294,0.17283,0.17292,166738.0
1741993500000,0.17293,0.17295,0.17261,0.17266,157329.0
1741993560000,0.17267,0.17276,0.17262,0.17267,156586.0
1741993620000,0.17267,0.17273,0.17256,0.17266,295451.0
1741993680000,0.17265,0.17266,0.1725,0.1726,109354.0
1741993740000,0.1726,0.17265,0.17253,0.17256,22604.0
1741993800000,0.17257,0.17259,0.1725,0.17251,173904.0
1741993860000,0.17251,0.17263,0.17249,0.1726,642204.0
1741993920000,0.1726,0.17266,0.17258,0.17265,78714.0
1741993980000,0.17266,0.17278,0.17265,0.17265,76644.0
1741994040000,0.17264,0.17264,0.17242,0.17246,58812.0
1741994100000,0.17246,0.1726,0.17246,0.17258,86484.0
1741994160000,0.17257,0.17257,0.17233,0.17237,285920.0
1741994220000,0.17236,0.17239,0.17229,0.17231,261755.0
1741994280000,0.17234,0.17238,0.17228,0.17235,94928.0
1741994340000,0.17236,0.17246,0.17234,0.17242,93175.0
1741994400000,0.17241,0.17241,0.17216,0.17216,374654.0
1741994460000,0.17217,0.17234,0.17215,0.1723,36434.0
1741994520000,0.1723,0.1723,0.1721,0.17225,61355.0
1741994580000,0.17225,0.17228,0.1722,0.1722,20202.0
1741994640000,0.1722,0.17221,0.17199,0.17202,320887.0
1741994700000,0.17202,0.17209,0.17196,0.17197,85681.0
1741994760000,0.17196,0.17208,0.17195,0.17208,84431.0
1741994820000,0.17209,0.17238,0.17209,0.17238,358257.0
1741994880000,0.17238,0.17257,0.17233,0.1725,253166.0
1741994940000,0.17251,0.17258,0.17251,0.17256,77103.0
1741995000000,0.17256,0.17269,0.1725,0.17269,122380.0
1741995060000,0.17269,0.17292,0.17269,0.17282,401386.0
1741995120000,0.17283,0.17286,0.17271,0.17278,186006.0
1741995180000,0.17278,0.17278,0.17251,0.17254,146155.0
1741995240000,0.17254,0.17261,0.17242,0.17247,43335.0
1741995300000,0.17247,0.17248,0.17231,0.17241,69522.0
1741995360000,0.17241,0.17241,0.17212,0.17218,323285.0
1741995420000,0.17218,0.17219,0.17203,0.17216,104980.0
1741995480000,0.17216,0.17223,0.17209,0.17213,160273.0
1741995540000,0.17214,0.17222,0.17208,0.17221,207490.0
1741995600000,0.17222,0.17235,0.17222,0.17222,394006.0
1741995660000,0.17222,0.17223,0.17201,0.17207,350972.0
1741995720000,0.17207,0.1722,0.17207,0.17211,126189.0
1741995780000,0.1721,0.17217,0.17204,0.17204,107727.0
1741995840000,0.17205,0.17205,0.17189,0.17189,430884.0
1741995900000,0.17189,0.17203,0.17189,0.17194,305117.0
1741995960000,0.17194,0.17202,0.17193,0.17195,172713.0
1741996020000,0.17196,0.17208,0.17196,0.17206,34130.0
1741996080000,0.17207,0.17208,0.17191,0.17193,142814.0
1741996140000,0.17192,0.17199,0.17188,0.17199,96879.0
1741996200000,0.172,0.172,0.17194,0.17197,83417.0
1741996260000,0.17196,0.17196,0.17179,0.17186,319748.0
1741996320000,0.17186,0.17187,0.17171,0.17179,171813.0
1741996380000,0.17178,0.17184,0.17175,0.17184,68923.0
1741996440000,0.17184,0.17186,0.17173,0.17176,209792.0
1741996500000,0.17176,0.17176,0.17168,0.17169,49594.0
1741996560000,0.1717,0.1717,0.17156,0.17158,285870.0
1741996620000,0.17158,0.17166,0.17155,0.17164,114870.0
1741996680000,0.17163,0.17168,0.17162,0.17167,355670.0
1741996740000,0.17166,0.17196,0.17166,0.17194,221929.0
1741996800000,0.17194,0.17209,0.17193,0.17195,408361.0
1741996860000,0.17195,0.17195,0.17148,0.17148,610317.0
1741996920000,0.17148,0.17186,0.17148,0.17182,239594.0
1741996980000,0.17183,0.17184,0.17158,0.17166,150366.0
1741997040000,0.17165,0.17166,0.17158,0.17164,71781.0
1741997100000,0.17164,0.17172,0.17152,0.17166,1049134.0
1741997160000,0.17165,0.17191,0.17162,0.17181,163788.0
1741997220000,0.17181,0.17206,0.1717,0.17177,279744.0
1741997280000,0.17177,0.17178,0.17168,0.1717,340971.0
1741997340000,0.17171,0.17201,0.17156,0.17201,323149.0
1741997400000,0.17202,0.17209,0.17197,0.17203,436255.0
1741997460000,0.17204,0.17214,0.17203,0.17214,247429.0
1741997520000,0.17215,0.17231,0.17213,0.17223,309041.0
1741997580000,0.17223,0.17223,0.17204,0.17204,138201.0
1741997640000,0.17205,0.17215,0.17203,0.17208,98780.0
1741997700000,0.17208,0.17217,0.17196,0.172,238248.0
1741997760000,0.17201,0.1722,0.17201,0.17208,464039.0
1741997820000,0.17208,0.17214,0.17191,0.17207,348671.0
1741997880000,0.17208,0.17215,0.17204,0.17209,118118.0
1741997940000,0.17209,0.17216,0.17201,0.17212,117835.0
1741998000000,0.17212,0.17219,0.17206,0.17219,104442.0
1741998060000,0.17218,0.17221,0.17196,0.17196,256677.0
1741998120000,0.17197,0.17197,0.17176,0.17185,280757.0
1741998180000,0.17184,0.17195,0.1718,0.17195,74872.0
1741998240000,0.17195,0.17195,0.17182,0.17195,69454.0
1741998300000,0.17195,0.172,0.17191,0.17192,139790.0
1741998360000,0.17191,0.17198,0.17186,0.1719,97830.0
1741998420000,0.1719,0.17203,0.17188,0.17202,74506.0
1741998480000,0.17203,0.17219,0.17191,0.17211,1072145.0
1741998540000,0.17211,0.17233,0.17206,0.17233,496416.0
1741998600000,0.17233,0.17242,0.17228,0.17228,241723.0
1741998660000,0.17228,0.1726,0.17226,0.17229,386867.0
1741998720000,0.17229,0.17245,0.17228,0.17245,548714.0
1741998780000,0.17245,0.17267,0.17245,0.17259,381057.0
1741998840000,0.17259,0.17266,0.17246,0.17247,128218.0
1741998900000,0.17247,0.17261,0.17246,0.17261,138494.0
1741998960000,0.17261,0.17276,0.17255,0.1727,103048.0
1741999020000,0.1727,0.17271,0.1726,0.17268,77170.0
1741999080000,0.17268,0.1727,0.17239,0.17256,275759.0
1741999140000,0.17257,0.17259,0.17249,0.17254,59584.0
1741999200000,0.17255,0.17258,0.17251,0.17252,262753.0
1741999260000,0.17252,0.17254,0.17237,0.17245,323996.0
1741999320000,0.17245,0.17249,0.17236,0.17243,168141.0
1741999380000,0.17243,0.17254,0.17243,0.17254,95119.0
1741999440000,0.17254,0.17258,0.17237,0.17237,75062.0
1741999500000,0.17236,0.17254,0.17236,0.17248,94254.0
1741999560000,0.17248,0.1727,0.17238,0.1727,277100.0
1741999620000,0.1727,0.17271,0.1726,0.17268,160575.0
1741999680000,0.17267,0.17267,0.17237,0.17252,149479.0
1741999740000,0.17253,0.17269,0.17253,0.17258,189878.0
1741999800000,0.17259,0.17279,0.17247,0.17277,174762.0
1741999860000,0.17277,0.17289,0.17263,0.17283,182809.0
1741999920000,0.17284,0.173,0.17283,0.17287,245913.0
1741999980000,0.17287,0.17298,0.17286,0.17297,88931.0
1742000040000,0.17298,0.17305,0.17288,0.17296,318792.0
1742000100000,0.17296,0.17307,0.17288,0.17296,106845.0
1742000160000,0.17296,0.17299,0.17282,0.17282,158763.0
1742000220000,0.17281,0.17281,0.17271,0.17274,57055.0
1742000280000,0.17273,0.17273,0.17266,0.17272,97867.0
1742000340000,0.17273,0.17277,0.17265,0.17274,90166.0
1742000400000,0.17275,0.17281,0.17255,0.17256,301473.0
1742000460000,0.17255,0.17258,0.17245,0.17255,186593.0
1742000520000,0.17256,0.17262,0.1724,0.17259,164449.0
1742000580000,0.17259,0.1727,0.17253,0.1727,816474.0
1742000640000,0.17269,0.17275,0.17245,0.17259,2549703.0
1742000700000,0.1726,0.17265,0.17249,0.1725,535478.0
1742000760000,0.17251,0.17254,0.17228,0.17228,234916.0
1742000820000,0.17228,0.17239,0.17215,0.17239,349214.0
1742000880000,0.17239,0.17251,0.17237,0.17247,105383.0
1742000940000,0.17248,0.17255,0.17247,0.17255,108864.0
1742001000000,0.17256,0.17286,0.17256,0.17285,157216.0
1742001060000,0.17284,0.17301,0.17283,0.17301,269222.0
1742001120000,0.17302,0.17311,0.17297,0.17308,363044.0
1742001180000,0.17309,0.17314,0.17302,0.17313,162806.0
1742001240000,0.17313,0.17325,0.1731,0.17312,210239.0
1742001300000,0.17311,0.17311,0.17295,0.17305,554599.0
1742001360000,0.17305,0.17308,0.17294,0.17301,197671.0
1742001420000,0.173,0.173,0.17281,0.17287,155893.0
1742001480000,0.17286,0.17323,0.17285,0.17316,327013.0
1742001540000,0.17316,0.17317,0.17299,0.173,62881.0
1742001600000,0.17301,0.17318,0.17289,0.17294,838562.0
1742001660000,0.17295,0.17295,0.17277,0.17282,141202.0
1742001720000,0.17281,0.17285,0.17271,0.17274,102665.0
1742001780000,0.17275,0.17275,0.17253,0.17258,206910.0
1742001840000,0.17258,0.17267,0.17251,0.17265,247048.0
1742001900000,0.17266,0.17275,0.1725,0.17251,297178.0
1742001960000,0.17251,0.1726,0.17248,0.17249,241358.0
1742002020000,0.17249,0.17264,0.17249,0.17263,73355.0
1742002080000,0.17263,0.17264,0.17259,0.17264,41490.0
1742002140000,0.17263,0.17263,0.17249,0.17252,300928.0
1742002200000,0.17251,0.17251,0.17235,0.17238,132820.0
1742002260000,0.17239,0.1724,0.17209,0.17212,272022.0
1742002320000,0.17212,0.17225,0.17203,0.17215,336663.0
1742002380000,0.17216,0.1722,0.17208,0.17215,53937.0
1742002440000,0.17214,0.17214,0.172,0.17208,73251.0
1742002500000,0.17207,0.17208,0.1719,0.17192,163803.0
1742002560000,0.17193,0.17193,0.17173,0.17178,198171.0
1742002620000,0.17179,0.17179,0.17165,0.17168,42137.0
1742002680000,0.17167,0.17175,0.17158,0.17174,326971.0
1742002740000,0.17174,0.17187,0.17169,0.17178,1260853.0
1742002800000,0.17178,0.17179,0.17151,0.17151,430022.0
1742002860000,0.17151,0.17162,0.17147,0.17157,187088.0
1742002920000,0.17158,0.1716,0.17149,0.17157,677884.0
1742002980000,0.17158,0.17158,0.17121,0.17132,525540.0
1742003040000,0.17133,0.17148,0.17133,0.17141,548856.0
1742003100000,0.1714,0.17167,0.17135,0.17158,1005159.0
1742003160000,0.17159,0.17168,0.17145,0.17158,268405.0
1742003220000,0.17157,0.17158,0.1715,0.17155,117708.0
1742003280000,0.17155,0.17169,0.17151,0.17169,376407.0
1742003340000,0.1717,0.17183,0.1717,0.17176,317992.0
1742003400000,0.17176,0.17185,0.17176,0.17178,70340.0
1742003460000,0.17178,0.17188,0.17176,0.17188,200187.0
1742003520000,0.17189,0.17192,0.17187,0.17188,22203.0
1742003580000,0.17187,0.17187,0.17169,0.17187,248792.0
1742003640000,0.17188,0.17191,0.17178,0.17187,214673.0
1742003700000,0.17188,0.17193,0.17187,0.17193,65575.0
1742003760000,0.17192,0.17197,0.1719,0.17191,63396.0
1742003820000,0.17191,0.17199,0.17191,0.17197,89549.0
1742003880000,0.17197,0.17197,0.17185,0.17193,198201.0
1742003940000,0.17192,0.17199,0.17191,0.17192,177499.0
1742004000000,0.17192,0.17196,0.17175,0.17175,453497.0
1742004060000,0.17175,0.17196,0.17161,0.1718,111637.0
1742004120000,0.17181,0.17186,0.17171,0.17171,126548.0
1742004180000,0.17172,0.17178,0.17141,0.17145,180941.0
1742004240000,0.17145,0.17155,0.17143,0.17154,252892.0
1742004300000,0.17155,0.17166,0.17143,0.17143,282483.0
1742004360000,0.17143,0.17148,0.17133,0.17141,455910.0
1742004420000,0.17142,0.1715,0.17141,0.17146,128754.0
1742004480000,0.17147,0.17174,0.17146,0.17173,219332.0
1742004540000,0.17173,0.1718,0.17168,0.17176,95403.0
1742004600000,0.17176,0.17185,0.17176,0.17185,246852.0
1742004660000,0.17185,0.17204,0.17176,0.17199,321949.0
1742004720000,0.17199,0.17215,0.17199,0.17213,78539.0
1742004780000,0.17214,0.17222,0.17211,0.17222,184630.0
1742004840000,0.17222,0.17222,0.17212,0.17212,73531.0
1742004900000,0.17212,0.17212,0.17192,0.17192,224378.0
1742004960000,0.17192,0.17192,0.17183,0.17186,287405.0
1742005020000,0.17187,0.17187,0.17166,0.17186,203942.0
1742005080000,0.17187,0.17201,0.17187,0.17189,366657.0
1742005140000,0.17189,0.17189,0.17171,0.17182,436039.0
1742005200000,0.17183,0.17192,0.17173,0.17192,255288.0
1742005260000,0.17192,0.17194,0.17172,0.17172,159763.0
1742005320000,0.17173,0.1718,0.17171,0.1718,114676.0
1742005380000,0.1718,0.17181,0.17157,0.17162,85799.0
1742005440000,0.17162,0.17163,0.17159,0.17161,69139.0
1742005500000,0.17161,0.17167,0.17149,0.17152,191073.0
1742005560000,0.17152,0.17152,0.17141,0.17145,438007.0
1742005620000,0.17146,0.17175,0.17146,0.17175,130368.0
1742005680000,0.17176,0.17176,0.17162,0.17168,386304.0
1742005740000,0.17168,0.17175,0.17168,0.17172,135869.0
1742005800000,0.17172,0.17186,0.17172,0.17176,463057.0
1742005860000,0.17176,0.17176,0.1716,0.17161,93199.0
1742005920000,0.1716,0.17169,0.17152,0.17155,518633.0
1742005980000,0.17156,0.1716,0.17137,0.17137,401547.0
1742006040000,0.17137,0.17139,0.17131,0.17131,106663.0
1742006100000,0.17131,0.17146,0.17125,0.17138,270336.0
1742006160000,0.17139,0.17146,0.17133,0.17141,72835.0
1742006220000,0.17141,0.17151,0.17141,0.17145,136183.0
1742006280000,0.17145,0.1715,0.17142,0.1715,153938.0
1742006340000,0.17151,0.17166,0.17147,0.17162,84311.0
1742006400000,0.17163,0.17168,0.17153,0.17168,615465.0
1742006460000,0.17169,0.17171,0.17162,0.17169,106004.0
1742006520000,0.17169,0.17191,0.17163,0.17186,854265.0
1742006580000,0.17187,0.1719,0.17167,0.17168,1190441.0
1742006640000,0.17167,0.17168,0.17158,0.17158,93311.0
1742006700000,0.17159,0.17182,0.17159,0.17179,234598.0
1742006760000,0.17178,0.17183,0.17172,0.17179,74161.0
1742006820000,0.1718,0.172,0.1718,0.17199,122222.0
1742006880000,0.17198,0.17234,0.17198,0.17227,170399.0
1742006940000,0.17227,0.17242,0.17227,0.17238,482890.0
1742007000000,0.17238,0.17241,0.17226,0.17227,1400439.0
1742007060000,0.17228,0.17231,0.17211,0.17219,2544272.0
1742007120000,0.1722,0.17242,0.1722,0.1724,87547.0
1742007180000,0.1724,0.17255,0.17238,0.17252,407287.0
1742007240000,0.17252,0.17274,0.17243,0.17244,184638.0
1742007300000,0.17243,0.1725,0.17231,0.1725,92290.0
1742007360000,0.1725,0.1725,0.17237,0.17242,114957.0
1742007420000,0.17242,0.17248,0.17232,0.17232,143989.0
1742007480000,0.17232,0.17239,0.17232,0.17237,154157.0
1742007540000,0.17237,0.17237,0.1723,0.17231,49551.0
1742007600000,0.17232,0.17249,0.17225,0.17232,182897.0
1742007660000,0.17232,0.17243,0.17217,0.17235,128122.0
1742007720000,0.17235,0.17255,0.17231,0.17255,249785.0
1742007780000,0.17256,0.17264,0.17244,0.1725,351721.0
1742007840000,0.1725,0.1726,0.17247,0.17256,348321.0
1742007900000,0.17256,0.17257,0.17246,0.17249,94731.0
1742007960000,0.17249,0.17256,0.17241,0.17252,136954.0
1742008020000,0.17252,0.1726,0.17252,0.17259,66759.0
1742008080000,0.1726,0.17283,0.1726,0.17277,227307.0
1742008140000,0.17276,0.17282,0.17262,0.17264,337756.0
1742008200000,0.17264,0.17273,0.17261,0.17273,291761.0
1742008260000,0.17272,0.17292,0.1727,0.1727,314300.0
1742008320000,0.1727,0.17284,0.17252,0.17254,177715.0
1742008380000,0.17254,0.17259,0.17252,0.17258,67605.0
1742008440000,0.17258,0.17261,0.17251,0.17261,154560.0
1742008500000,0.17262,0.17271,0.17252,0.1727,609577.0
1742008560000,0.1727,0.17293,0.17265,0.17292,391602.0
1742008620000,0.17291,0.1731,0.17291,0.17293,2344710.0
1742008680000,0.17293,0.17319,0.17291,0.17316,556348.0
1742008740000,0.17315,0.17343,0.17315,0.17327,657482.0
1742008800000,0.17327,0.17327,0.173,0.17302,359171.0
1742008860000,0.17301,0.17315,0.17296,0.17306,227111.0
1742008920000,0.17305,0.17305,0.17294,0.17295,84986.0
1742008980000,0.17295,0.17319,0.17294,0.17319,128384.0
1742009040000,0.17318,0.17318,0.17307,0.17314,175129.0
1742009100000,0.17314,0.17318,0.17295,0.17304,1438660.0
1742009160000,0.17304,0.1731,0.17298,0.17304,181726.0
1742009220000,0.17305,0.17312,0.17304,0.17304,121692.0
1742009280000,0.17305,0.17307,0.17292,0.17296,247453.0
1742009340000,0.17296,0.1731,0.17295,0.1731,167367.0
1742009400000,0.1731,0.17315,0.17288,0.17292,1350157.0
1742009460000,0.17291,0.17303,0.17287,0.17297,378472.0
1742009520000,0.17297,0.17317,0.17297,0.17317,122487.0
1742009580000,0.17318,0.17326,0.1731,0.17319,294284.0
1742009640000,0.17319,0.1733,0.17315,0.17316,181253.0
1742009700000,0.17317,0.17326,0.17302,0.17302,114432.0
1742009760000,0.17301,0.17318,0.17297,0.17318,102109.0
1742009820000,0.17319,0.17322,0.17309,0.17321,74245.0
1742009880000,0.17321,0.17325,0.17319,0.17322,139295.0
1742009940000,0.17322,0.17324,0.17298,0.17298,1404433.0
1742010000000,0.17298,0.17299,0.17289,0.17295,161664.0
1742010060000,0.17295,0.17295,0.17284,0.17285,214089.0
1742010120000,0.17284,0.17296,0.17283,0.17295,141919.0
1742010180000,0.17296,0.17307,0.1729,0.17294,363099.0
1742010240000,0.17295,0.17299,0.1729,0.17296,270885.0
1742010300000,0.17296,0.17303,0.17289,0.17303,407931.0
1742010360000,0.17303,0.17315,0.17303,0.17314,2709819.0
1742010420000,0.17315,0.17338,0.17312,0.17334,679552.0
1742010480000,0.17335,0.1734,0.17327,0.1734,173613.0
1742010540000,0.17339,0.17357,0.17339,0.17348,498375.0
1742010600000,0.17347,0.17362,0.17341,0.17362,184235.0
1742010660000,0.17361,0.17386,0.17358,0.17385,486905.0
1742010720000,0.17386,0.17388,0.17369,0.17377,1171529.0
1742010780000,0.17377,0.17381,0.1737,0.17371,383008.0
1742010840000,0.17372,0.17372,0.17358,0.17358,159933.0
1742010900000,0.17358,0.17359,0.17343,0.17347,605628.0
1742010960000,0.17347,0.17354,0.17342,0.17351,172372.0
1742011020000,0.17351,0.17368,0.1735,0.17368,268927.0
1742011080000,0.17368,0.17377,0.17362,0.17375,116054.0
1742011140000,0.17376,0.17378,0.1737,0.17374,112329.0
1742011200000,0.17375,0.17389,0.17373,0.1738,670283.0
1742011260000,0.1738,0.17408,0.17378,0.17379,611468.0
1742011320000,0.17379,0.17382,0.17364,0.17364,237797.0
1742011380000,0.17363,0.17372,0.1736,0.17362,263726.0
1742011440000,0.17362,0.17362,0.17339,0.1734,726892.0
1742011500000,0.1734,0.17345,0.17336,0.17336,185617.0
1742011560000,0.17335,0.17336,0.1732,0.17327,365980.0
1742011620000,0.17327,0.17341,0.17326,0.17336,81839.0
1742011680000,0.17337,0.1734,0.1733,0.17331,96812.0
1742011740000,0.1733,0.17335,0.17324,0.17327,501986.0
1742011800000,0.17327,0.17328,0.17314,0.17314,145214.0
1742011860000,0.17315,0.1732,0.17309,0.1731,220394.0
1742011920000,0.17309,0.1732,0.17309,0.17313,48746.0
1742011980000,0.17313,0.17317,0.17306,0.17306,66643.0
1742012040000,0.17307,0.17308,0.173,0.17308,250641.0
1742012100000,0.17308,0.17315,0.17307,0.17315,101709.0
1742012160000,0.17314,0.17328,0.17314,0.17322,1587563.0
1742012220000,0.17322,0.17322,0.17283,0.17284,155975.0
1742012280000,0.17284,0.17288,0.17272,0.17288,976018.0
1742012340000,0.17288,0.17298,0.17286,0.17293,136477.0
1742012400000,0.17294,0.17294,0.17279,0.17288,373635.0
1742012460000,0.17289,0.173,0.17288,0.17292,95131.0
1742012520000,0.17292,0.17295,0.17285,0.17288,162233.0
1742012580000,0.17287,0.17298,0.17287,0.17292,396336.0
1742012640000,0.17292,0.17306,0.17292,0.173,90280.0
1742012700000,0.17299,0.17304,0.17295,0.17295,179036.0
1742012760000,0.17295,0.17298,0.17289,0.17294,154960.0
1742012820000,0.17294,0.17311,0.17288,0.17311,331872.0
1742012880000,0.17312,0.17344,0.17312,0.17339,427997.0
1742012940000,0.17339,0.17359,0.17332,0.17346,374705.0
1742013000000,0.17347,0.17354,0.17339,0.17348,340658.0
1742013060000,0.17349,0.17372,0.17347,0.17371,132651.0
1742013120000,0.17371,0.17375,0.17366,0.17368,80692.0
1742013180000,0.17368,0.17375,0.17351,0.17374,1149431.0
1742013240000,0.17375,0.17395,0.17374,0.17389,308621.0
1742013300000,0.17389,0.1743,0.17383,0.1743,727303.0
1742013360000,0.1743,0.17466,0.17425,0.17446,1789077.0
1742013420000,0.17446,0.17465,0.17424,0.17465,901749.0
1742013480000,0.17465,0.17471,0.17456,0.17458,993503.0
1742013540000,0.17458,0.17467,0.17452,0.17455,523764.0
1742013600000,0.17455,0.17468,0.17455,0.17463,317516.0
1742013660000,0.17463,0.17472,0.1745,0.17451,607893.0
1742013720000,0.1745,0.1745,0.17431,0.17438,874492.0
1742013780000,0.17437,0.17459,0.17437,0.17458,189301.0
1742013840000,0.17459,0.17467,0.17455,0.17461,556924.0
1742013900000,0.17462,0.17496,0.17461,0.17493,404903.0
1742013960000,0.17492,0.17497,0.17483,0.17496,366440.0
1742014020000,0.17497,0.17513,0.17497,0.17501,1435780.0
1742014080000,0.175,0.17501,0.1748,0.17494,1140983.0
1742014140000,0.17493,0.17512,0.1749,0.17498,877447.0
1742014200000,0.17498,0.17499,0.17477,0.17487,562931.0
1742014260000,0.17488,0.17493,0.17486,0.17491,189423.0
1742014320000,0.17491,0.17501,0.17482,0.17488,305105.0
1742014380000,0.17489,0.17494,0.17465,0.17466,208181.0
1742014440000,0.17465,0.17468,0.1746,0.17467,253923.0
1742014500000,0.17467,0.1749,0.17465,0.1749,116236.0
1742014560000,0.1749,0.17496,0.17489,0.17491,749452.0
1742014620000,0.17491,0.17491,0.17476,0.17479,373553.0
1742014680000,0.17478,0.17484,0.17462,0.17465,521409.0
1742014740000,0.17466,0.17471,0.17462,0.17463,275589.0
1742014800000,0.17463,0.17476,0.17461,0.17462,581885.0
1742014860000,0.17462,0.17462,0.17436,0.17436,626392.0
1742014920000,0.17436,0.17445,0.17425,0.17425,477292.0
1742014980000,0.17426,0.17428,0.17419,0.17426,436089.0
1742015040000,0.17426,0.17426,0.174,0.17404,523399.0
1742015100000,0.17405,0.17405,0.1739,0.17393,206628.0
1742015160000,0.17393,0.17393,0.17368,0.1738,1511373.0
1742015220000,0.17379,0.17394,0.17378,0.17392,228506.0
1742015280000,0.17392,0.17416,0.17392,0.1741,94143.0
1742015340000,0.1741,0.1742,0.17408,0.17409,111144.0
1742015400000,0.17408,0.17409,0.17402,0.17403,129149.0
1742015460000,0.17402,0.17409,0.17397,0.17406,150732.0
1742015520000,0.17406,0.17419,0.17406,0.17417,1058500.0
1742015580000,0.17417,0.17424,0.17413,0.17422,38255.0
1742015640000,0.17422,0.1743,0.17421,0.1743,149727.0
1742015700000,0.17431,0.17438,0.17428,0.17428,250887.0
1742015760000,0.17428,0.1743,0.17405,0.17405,81159.0
1742015820000,0.17404,0.17404,0.17389,0.17393,669446.0
1742015880000,0.17394,0.17407,0.17394,0.17403,177438.0
1742015940000,0.17402,0.17406,0.17398,0.17405,121945.0
1742016000000,0.17404,0.17408,0.174,0.17405,53244.0
1742016060000,0.17406,0.17418,0.17399,0.17414,223790.0
1742016120000,0.17413,0.17423,0.17412,0.17421,80027.0
1742016180000,0.1742,0.1742,0.17403,0.17406,149105.0
1742016240000,0.17406,0.17406,0.17398,0.17399,214035.0
1742016300000,0.17399,0.17399,0.1739,0.17397,282361.0
1742016360000,0.17398,0.17416,0.17398,0.17416,93918.0
1742016420000,0.17417,0.17422,0.17417,0.17419,201047.0
1742016480000,0.17419,0.17419,0.17394,0.17394,334348.0
1742016540000,0.17393,0.17393,0.17384,0.1739,648822.0
1742016600000,0.17389,0.17423,0.17384,0.17423,305473.0
1742016660000,0.17423,0.17425,0.17389,0.1739,129428.0
1742016720000,0.17389,0.17389,0.17355,0.17361,709774.0
1742016780000,0.17361,0.17367,0.1734,0.17345,805540.0
1742016840000,0.17346,0.17357,0.17333,0.17356,379378.0
1742016900000,0.17356,0.17358,0.17349,0.17356,160437.0
1742016960000,0.17356,0.17389,0.17349,0.17384,227723.0
1742017020000,0.17385,0.17385,0.17364,0.17379,204414.0
1742017080000,0.17379,0.17381,0.17372,0.1738,56656.0
1742017140000,0.17381,0.17381,0.1736,0.17363,123108.0
1742017200000,0.17364,0.1737,0.17341,0.17342,100905.0
1742017260000,0.17342,0.17358,0.17341,0.17349,183695.0
1742017320000,0.1735,0.17362,0.1735,0.17362,234948.0
1742017380000,0.17362,0.17384,0.1736,0.17384,127024.0
1742017440000,0.17383,0.17383,0.17365,0.17365,131134.0
1742017500000,0.17365,0.17387,0.17365,0.17373,170348.0
1742017560000,0.17373,0.17379,0.17368,0.17369,93132.0
1742017620000,0.17369,0.17373,0.17366,0.17368,335452.0
1742017680000,0.17368,0.17382,0.17366,0.17372,214556.0
1742017740000,0.17371,0.17374,0.17367,0.17371,252730.0
1742017800000,0.17371,0.17374,0.17357,0.17371,160164.0
1742017860000,0.1737,0.17383,0.1737,0.17378,591292.0
1742017920000,0.17379,0.17385,0.1736,0.1736,348194.0
1742017980000,0.17361,0.17362,0.17354,0.17361,158123.0
1742018040000,0.17361,0.17372,0.17359,0.17372,55298.0
1742018100000,0.17372,0.17373,0.17361,0.17361,77461.0
1742018160000,0.1736,0.1736,0.17349,0.17359,138945.0
1742018220000,0.1736,0.1736,0.17353,0.17354,185296.0
1742018280000,0.17354,0.17359,0.17347,0.17356,167427.0
1742018340000,0.17357,0.17357,0.17337,0.17337,111875.0
1742018400000,0.17338,0.17341,0.1733,0.17332,219085.0
1742018460000,0.17332,0.17336,0.17315,0.17318,412760.0
1742018520000,0.17317,0.17322,0.17307,0.17322,117768.0
1742018580000,0.17322,0.17335,0.17322,0.17334,124584.0
1742018640000,0.17335,0.17343,0.17322,0.17323,124509.0
1742018700000,0.17324,0.17324,0.173,0.17303,280649.0
1742018760000,0.17302,0.17315,0.173,0.17315,69014.0
1742018820000,0.17314,0.17314,0.17298,0.17301,475105.0
1742018880000,0.17302,0.1731,0.17301,0.1731,260810.0
1742018940000,0.17311,0.17311,0.17301,0.17308,198721.0
1742019000000,0.17308,0.17335,0.17308,0.17325,142740.0
1742019060000,0.17326,0.17331,0.17323,0.17327,127344.0
1742019120000,0.17326,0.17356,0.17323,0.17351,181154.0
1742019180000,0.1735,0.17368,0.17344,0.17368,398506.0
1742019240000,0.17367,0.17369,0.1736,0.1736,190334.0
1742019300000,0.17361,0.1739,0.1736,0.17389,519113.0
1742019360000,0.1739,0.17407,0.1739,0.17406,353566.0
1742019420000,0.17406,0.17426,0.17405,0.17414,696904.0
1742019480000,0.17415,0.17439,0.1741,0.17425,745033.0
1742019540000,0.17425,0.17426,0.17418,0.17419,130794.0
1742019600000,0.17419,0.17432,0.17415,0.17431,432759.0
1742019660000,0.1743,0.1743,0.17418,0.17418,101037.0
1742019720000,0.17418,0.17435,0.17414,0.17435,181499.0
1742019780000,0.17434,0.17435,0.17409,0.17409,99786.0
1742019840000,0.17408,0.17424,0.17398,0.17423,252047.0
1742019900000,0.17423,0.17448,0.17415,0.17448,186185.0
1742019960000,0.17447,0.17447,0.17436,0.17437,261625.0
1742020020000,0.17436,0.17442,0.17421,0.17442,67493.0
1742020080000,0.17441,0.17449,0.17435,0.17441,399639.0
1742020140000,0.17442,0.17442,0.17429,0.17438,178552.0
1742020200000,0.17438,0.17438,0.17425,0.17425,453602.0
1742020260000,0.17424,0.17424,0.17408,0.17409,851069.0
1742020320000,0.17409,0.17412,0.17398,0.17412,161987.0
1742020380000,0.17411,0.17411,0.17396,0.17403,651933.0
1742020440000,0.17403,0.17405,0.17394,0.17402,818587.0
1742020500000,0.17401,0.17401,0.17393,0.17393,322218.0
1742020560000,0.17394,0.17415,0.17394,0.1741,1376007.0
1742020620000,0.17409,0.17409,0.17392,0.17398,86695.0
1742020680000,0.17397,0.17399,0.17393,0.17398,62710.0
1742020740000,0.17399,0.17423,0.17398,0.17422,342081.0
1742020800000,0.17422,0.17425,0.17412,0.17421,88912.0
1742020860000,0.17421,0.17422,0.17397,0.17407,225594.0
1742020920000,0.17406,0.17412,0.17403,0.17404,269203.0
1742020980000,0.17403,0.17403,0.17389,0.1739,285865.0
1742021040000,0.1739,0.17391,0.17375,0.17378,84552.0
1742021100000,0.17377,0.17398,0.17369,0.17397,766186.0
1742021160000,0.17397,0.17397,0.17384,0.17389,122372.0
1742021220000,0.17388,0.17398,0.1738,0.17392,141493.0
1742021280000,0.17393,0.17403,0.1739,0.17401,79084.0
1742021340000,0.17402,0.17402,0.1739,0.17392,46555.0
1742021400000,0.17391,0.17392,0.17383,0.17389,261170.0
1742021460000,0.17388,0.17389,0.17379,0.17383,367595.0
1742021520000,0.17382,0.17383,0.17371,0.17379,410273.0
1742021580000,0.1738,0.17384,0.17359,0.17363,367419.0
1742021640000,0.17363,0.17364,0.17353,0.17359,127184.0
1742021700000,0.17359,0.17365,0.17354,0.17357,38955.0
1742021760000,0.17356,0.1736,0.17345,0.17359,220885.0
1742021820000,0.1736,0.17362,0.17354,0.17362,122384.0
1742021880000,0.17362,0.17362,0.17355,0.17357,72563.0
1742021940000,0.17356,0.17361,0.17352,0.17359,67388.0
1742022000000,0.17359,0.17382,0.17358,0.17367,202492.0
1742022060000,0.17367,0.17367,0.17346,0.17346,385534.0
1742022120000,0.17345,0.17345,0.17323,0.17327,119085.0
1742022180000,0.17327,0.1733,0.17324,0.17327,144335.0
1742022240000,0.17328,0.17331,0.17299,0.17303,414633.0
1742022300000,0.17303,0.17304,0.17273,0.17279,262724.0
1742022360000,0.1728,0.1728,0.17261,0.17269,419915.0
1742022420000,0.1727,0.17272,0.17248,0.17251,1009136.0
1742022480000,0.17251,0.17253,0.17244,0.17246,376018.0
1742022540000,0.17246,0.17262,0.1724,0.17254,463506.0
1742022600000,0.17253,0.17253,0.17222,0.17222,308155.0
1742022660000,0.17222,0.17239,0.17222,0.17235,403757.0
1742022720000,0.17236,0.17265,0.17234,0.17265,257716.0
1742022780000,0.17266,0.17271,0.17262,0.1727,135667.0
1742022840000,0.1727,0.1727,0.17257,0.17266,112097.0
1742022900000,0.17266,0.17267,0.17243,0.1725,121182.0
1742022960000,0.1725,0.17251,0.17232,0.17237,501072.0
1742023020000,0.17238,0.17257,0.17233,0.17254,718249.0
1742023080000,0.17254,0.17259,0.17246,0.17258,120174.0
1742023140000,0.17258,0.17267,0.17253,0.17267,74267.0
1742023200000,0.17268,0.17268,0.17253,0.17263,194347.0
1742023260000,0.17263,0.17263,0.17219,0.1722,565250.0
1742023320000,0.1722,0.1724,0.1722,0.1724,527132.0
1742023380000,0.1724,0.17248,0.17232,0.17232,160607.0
1742023440000,0.17232,0.17234,0.172,0.1721,455326.0
1742023500000,0.1721,0.1721,0.17188,0.17194,502284.0
1742023560000,0.17194,0.172,0.17179,0.17188,498122.0
1742023620000,0.17188,0.1719,0.17177,0.17182,232428.0
1742023680000,0.17182,0.1719,0.17177,0.1719,321182.0
1742023740000,0.17189,0.17195,0.1718,0.1719,266523.0
1742023800000,0.17189,0.17189,0.17174,0.17182,389422.0
1742023860000,0.17181,0.17182,0.17174,0.17176,516023.0
1742023920000,0.17175,0.17175,0.17155,0.17156,475965.0
1742023980000,0.17155,0.17188,0.17154,0.17159,844537.0
1742024040000,0.17158,0.17166,0.17151,0.17155,227433.0
1742024100000,0.17155,0.17189,0.17155,0.17169,620101.0
1742024160000,0.1717,0.17185,0.17166,0.17178,145178.0
1742024220000,0.17178,0.17195,0.17175,0.17194,719300.0
1742024280000,0.17194,0.17206,0.17194,0.17206,141098.0
1742024340000,0.17207,0.17218,0.17203,0.17218,160836.0
1742024400000,0.17218,0.17221,0.17208,0.17209,135202.0
1742024460000,0.17209,0.17214,0.17204,0.17211,226754.0
1742024520000,0.17211,0.17224,0.17211,0.17224,85116.0
1742024580000,0.17223,0.17227,0.17211,0.17217,1372060.0
1742024640000,0.17217,0.17226,0.17217,0.17221,108365.0
1742024700000,0.17221,0.17249,0.17221,0.17249,113377.0
1742024760000,0.17249,0.1726,0.17231,0.1726,1670883.0
1742024820000,0.17261,0.17274,0.17251,0.17251,3505540.0
1742024880000,0.17251,0.17256,0.17239,0.17248,195530.0
1742024940000,0.17247,0.17248,0.17239,0.17241,243679.0
1742025000000,0.17241,0.17241,0.17218,0.17219,175165.0
1742025060000,0.17219,0.17228,0.17219,0.17227,112137.0
1742025120000,0.17227,0.17238,0.17227,0.17232,103823.0
1742025180000,0.17233,0.17233,0.17217,0.17218,87910.0
1742025240000,0.17217,0.17232,0.17217,0.17232,105997.0
1742025300000,0.17231,0.17237,0.17231,0.17233,42831.0
1742025360000,0.17233,0.17235,0.17226,0.17229,134492.0
1742025420000,0.1723,0.1723,0.17214,0.17222,638865.0
1742025480000,0.17222,0.17229,0.17221,0.17229,33316.0
1742025540000,0.17228,0.17228,0.17209,0.17211,157351.0
1742025600000,0.17211,0.17227,0.17211,0.17217,847263.0
1742025660000,0.17216,0.17227,0.17214,0.17227,378606.0
1742025720000,0.17228,0.17231,0.17211,0.17216,618709.0
1742025780000,0.17215,0.17215,0.1717,0.17185,745230.0
1742025840000,0.17185,0.17215,0.17185,0.17211,883371.0
1742025900000,0.17212,0.17213,0.172,0.172,149570.0
1742025960000,0.172,0.17223,0.172,0.17221,254786.0
1742026020000,0.17221,0.17227,0.17216,0.17226,136532.0
1742026080000,0.17227,0.17229,0.17204,0.17204,108177.0
1742026140000,0.17203,0.1722,0.17202,0.17218,283412.0
1742026200000,0.17218,0.17218,0.17195,0.17197,154331.0
1742026260000,0.17197,0.17198,0.17162,0.17164,201141.0
1742026320000,0.17164,0.1717,0.17145,0.17147,965071.0
1742026380000,0.17148,0.1717,0.17143,0.1717,4155842.0
1742026440000,0.1717,0.17188,0.17158,0.17183,393645.0
1742026500000,0.17182,0.17185,0.17152,0.17154,252367.0
1742026560000,0.17154,0.17171,0.17154,0.1716,263465.0
1742026620000,0.17159,0.17159,0.17128,0.17132,552252.0
1742026680000,0.17131,0.17162,0.1713,0.17155,371296.0
1742026740000,0.17156,0.17178,0.17147,0.17176,305093.0
1742026800000,0.17176,0.17176,0.17151,0.17161,98656.0
1742026860000,0.17161,0.17178,0.17153,0.17177,143062.0
1742026920000,0.17177,0.17205,0.17177,0.17202,847206.0
1742026980000,0.17202,0.17207,0.17195,0.17199,346705.0
1742027040000,0.17198,0.17201,0.17193,0.17196,73996.0
1742027100000,0.17195,0.17201,0.17184,0.172,106006.0
1742027160000,0.172,0.17221,0.17195,0.17221,160647.0
1742027220000,0.17221,0.17221,0.17206,0.17213,118747.0
1742027280000,0.17212,0.17219,0.17209,0.17216,112353.0
1742027340000,0.17216,0.17217,0.17204,0.17204,164333.0
1742027400000,0.17203,0.17211,0.17185,0.17191,196401.0
1742027460000,0.17191,0.17199,0.17189,0.17197,81990.0
1742027520000,0.17198,0.17231,0.17198,0.1723,53921.0
1742027580000,0.17231,0.17232,0.17216,0.17229,187361.0
1742027640000,0.1723,0.17264,0.1723,0.17262,1034498.0
1742027700000,0.17262,0.17263,0.17238,0.17239,160730.0
1742027760000,0.17238,0.17257,0.17238,0.17252,142058.0
1742027820000,0.17253,0.1726,0.17251,0.17251,40743.0
1742027880000,0.17251,0.17259,0.17244,0.17252,3469267.0
1742027940000,0.17252,0.17267,0.17249,0.17267,575099.0
1742028000000,0.17268,0.17281,0.17262,0.17281,346130.0
1742028060000,0.17282,0.17297,0.17278,0.17291,761596.0
1742028120000,0.1729,0.17291,0.1728,0.17289,140112.0
1742028180000,0.17288,0.17288,0.17278,0.17287,137420.0
1742028240000,0.17287,0.17295,0.17282,0.1729,119776.0
1742028300000,0.17291,0.17297,0.17281,0.17297,718073.0
1742028360000,0.17296,0.17307,0.1729,0.17291,213923.0
1742028420000,0.1729,0.1729,0.17279,0.17279,159393.0
1742028480000,0.17278,0.17284,0.17273,0.17279,185676.0
1742028540000,0.1728,0.17287,0.1728,0.17286,336634.0
1742028600000,0.17286,0.17299,0.17281,0.17298,384743.0
1742028660000,0.17297,0.17317,0.17294,0.17317,306086.0
1742028720000,0.17318,0.17326,0.17308,0.17308,521602.0
1742028780000,0.17307,0.17307,0.17296,0.17306,265235.0
1742028840000,0.17306,0.17324,0.17306,0.17321,152567.0
1742028900000,0.17322,0.17327,0.17312,0.17319,441708.0
1742028960000,0.17319,0.1733,0.17317,0.17321,249430.0
1742029020000,0.17321,0.17321,0.17305,0.17309,167287.0
1742029080000,0.17309,0.1732,0.17309,0.1732,154658.0
1742029140000,0.1732,0.17321,0.17317,0.1732,162887.0
1742029200000,0.17321,0.17322,0.17287,0.17294,147315.0
1742029260000,0.17294,0.17298,0.17281,0.1729,303006.0
1742029320000,0.1729,0.17292,0.17286,0.17287,46959.0
1742029380000,0.17286,0.17291,0.17272,0.17279,436551.0
1742029440000,0.17279,0.17288,0.17274,0.17288,106253.0
1742029500000,0.17287,0.17287,0.17262,0.17264,197887.0
1742029560000,0.17263,0.17286,0.1726,0.17286,363915.0
1742029620000,0.17286,0.1729,0.17275,0.17276,191039.0
1742029680000,0.17276,0.17283,0.17276,0.17277,54937.0
1742029740000,0.17276,0.17276,0.1726,0.17263,72477.0
1742029800000,0.17263,0.17277,0.17263,0.17277,185126.0
1742029860000,0.17277,0.17289,0.17266,0.17267,269250.0
1742029920000,0.17267,0.17277,0.17264,0.17277,162266.0
1742029980000,0.17276,0.17276,0.17262,0.17273,188981.0
1742030040000,0.17273,0.17273,0.1726,0.17272,280884.0
1742030100000,0.17272,0.17294,0.17265,0.17292,124787.0
1742030160000,0.17292,0.1731,0.17285,0.17298,121802.0
1742030220000,0.17298,0.17298,0.17288,0.17292,146650.0
1742030280000,0.17293,0.17293,0.17281,0.17284,46083.0
1742030340000,0.17285,0.17286,0.17265,0.17274,85874.0
1742030400000,0.17273,0.17274,0.17243,0.17244,334623.0
1742030460000,0.17243,0.17262,0.17241,0.17261,205779.0
1742030520000,0.17262,0.17276,0.17262,0.17275,25998.0
1742030580000,0.17275,0.17275,0.17264,0.17269,873322.0
1742030640000,0.1727,0.17285,0.1727,0.17282,41854.0
1742030700000,0.17282,0.17292,0.17281,0.17283,117347.0
1742030760000,0.17283,0.17291,0.17282,0.17284,43098.0
1742030820000,0.17285,0.1729,0.17277,0.1728,52944.0
1742030880000,0.17279,0.17286,0.17272,0.17286,52900.0
1742030940000,0.17287,0.173,0.17283,0.17291,96847.0
1742031000000,0.1729,0.1729,0.17285,0.17285,13837.0
1742031060000,0.17286,0.17313,0.17285,0.17308,217765.0
1742031120000,0.17308,0.1732,0.17295,0.1732,87434.0
1742031180000,0.1732,0.17346,0.1732,0.17335,617977.0
1742031240000,0.17335,0.17342,0.1733,0.17339,103566.0
1742031300000,0.17339,0.17353,0.17326,0.17326,237136.0
1742031360000,0.17326,0.1733,0.17312,0.17317,71648.0
1742031420000,0.17317,0.17334,0.17317,0.17332,132054.0
1742031480000,0.17331,0.17341,0.17328,0.17335,138033.0
1742031540000,0.17336,0.1737,0.17336,0.17365,2326121.0
1742031600000,0.17366,0.17384,0.17363,0.17367,719100.0
1742031660000,0.17368,0.17374,0.17367,0.17374,43309.0
1742031720000,0.17374,0.17404,0.17374,0.17392,2624438.0
1742031780000,0.17392,0.17393,0.17374,0.17377,361608.0
1742031840000,0.17376,0.17379,0.17371,0.17372,125500.0
1742031900000,0.17372,0.17373,0.17364,0.17368,194473.0
1742031960000,0.17368,0.174,0.17368,0.17394,337204.0
1742032020000,0.17394,0.17396,0.17371,0.17383,568604.0
1742032080000,0.17384,0.17386,0.17378,0.17384,25516.0
1742032140000,0.17384,0.17393,0.17366,0.1737,170732.0
1742032200000,0.17371,0.17375,0.17355,0.17375,122117.0
1742032260000,0.17374,0.17377,0.17367,0.17367,64268.0
1742032320000,0.17367,0.17384,0.17367,0.1738,695781.0
1742032380000,0.17379,0.17406,0.17379,0.17406,2450147.0
1742032440000,0.17406,0.17406,0.17393,0.17403,471812.0
1742032500000,0.17403,0.17403,0.17389,0.17402,291484.0
1742032560000,0.17402,0.17418,0.17401,0.17416,234782.0
1742032620000,0.17416,0.17416,0.17406,0.17406,240663.0
1742032680000,0.17406,0.17406,0.17401,0.17404,216630.0
1742032740000,0.17405,0.17409,0.17404,0.17404,104329.0
1742032800000,0.17404,0.17404,0.17388,0.17394,261209.0
1742032860000,0.17395,0.17413,0.17381,0.17385,148338.0
1742032920000,0.17386,0.17396,0.17382,0.17383,118002.0
1742032980000,0.17384,0.17392,0.17377,0.17379,387230.0
1742033040000,0.17379,0.17383,0.17369,0.17374,311888.0
1742033100000,0.17373,0.17377,0.17361,0.17369,175736.0
1742033160000,0.17368,0.17378,0.17365,0.17365,139557.0
1742033220000,0.17366,0.1737,0.17363,0.17368,24281.0
1742033280000,0.17368,0.17374,0.17363,0.17374,117705.0
1742033340000,0.17373,0.17374,0.17362,0.17371,130494.0
1742033400000,0.17371,0.17381,0.1737,0.1738,256140.0
1742033460000,0.17381,0.17392,0.1738,0.17381,85929.0
1742033520000,0.17381,0.17398,0.17381,0.17382,207999.0
1742033580000,0.17382,0.17382,0.17363,0.17366,99560.0
1742033640000,0.17365,0.17384,0.17365,0.17378,423203.0
1742033700000,0.17379,0.17379,0.17353,0.17353,263916.0
1742033760000,0.17354,0.17354,0.17341,0.17352,3728222.0
1742033820000,0.17353,0.17365,0.17346,0.17347,132484.0
1742033880000,0.17347,0.17354,0.17341,0.1735,160213.0
1742033940000,0.17351,0.17357,0.17326,0.17357,1362345.0
1742034000000,0.17357,0.17357,0.17334,0.17342,653119.0
1742034060000,0.17342,0.17352,0.17336,0.17351,364906.0
1742034120000,0.17352,0.17365,0.17346,0.17365,193206.0
1742034180000,0.17365,0.17365,0.17356,0.17363,217778.0
1742034240000,0.17364,0.17376,0.17356,0.17376,172115.0
1742034300000,0.17377,0.1738,0.17369,0.1738,81133.0
1742034360000,0.17379,0.17382,0.17369,0.17381,139355.0
1742034420000,0.17381,0.17381,0.17355,0.17356,172895.0
1742034480000,0.17355,0.17355,0.17344,0.17346,173183.0
1742034540000,0.17346,0.17348,0.17335,0.17339,197272.0
1742034600000,0.17339,0.17367,0.17339,0.17366,203846.0
1742034660000,0.17366,0.17373,0.17357,0.17369,183569.0
1742034720000,0.1737,0.17376,0.1737,0.17376,37065.0
1742034780000,0.17376,0.17376,0.17366,0.1737,96783.0
1742034840000,0.17371,0.17397,0.17371,0.17392,344150.0
1742034900000,0.17393,0.17397,0.17382,0.17382,247375.0
1742034960000,0.17381,0.17381,0.17369,0.17376,109922.0
1742035020000,0.17375,0.174,0.17375,0.17397,136890.0
1742035080000,0.17397,0.17419,0.17396,0.17413,170075.0
1742035140000,0.17413,0.17414,0.17401,0.17402,160921.0
1742035200000,0.17401,0.17401,0.17376,0.17377,253712.0
1742035260000,0.17377,0.174,0.17377,0.17392,1441604.0
1742035320000,0.17392,0.17396,0.17386,0.17392,127591.0
1742035380000,0.17391,0.17392,0.17377,0.17378,52812.0
1742035440000,0.17378,0.17387,0.17371,0.17387,39206.0
1742035500000,0.17386,0.1739,0.17377,0.17386,63740.0
1742035560000,0.17386,0.174,0.17385,0.17396,488687.0
1742035620000,0.17397,0.1741,0.17389,0.17409,1456773.0
1742035680000,0.1741,0.17415,0.17405,0.17408,236140.0
1742035740000,0.17408,0.17408,0.17381,0.17395,144003.0
1742035800000,0.17394,0.174,0.17388,0.17399,141686.0
1742035860000,0.174,0.1741,0.174,0.174,379332.0
1742035920000,0.17399,0.17405,0.17394,0.17405,52349.0
1742035980000,0.17404,0.1741,0.17398,0.1741,750770.0
1742036040000,0.17409,0.17421,0.17409,0.17417,1402428.0
1742036100000,0.17416,0.17416,0.17408,0.17411,190928.0
1742036160000,0.17412,0.17432,0.17412,0.17428,2717647.0
1742036220000,0.17427,0.17434,0.17426,0.1743,91385.0
1742036280000,0.1743,0.17431,0.17425,0.1743,88101.0
1742036340000,0.1743,0.17431,0.17421,0.17422,213424.0
1742036400000,0.17422,0.17426,0.17412,0.17413,410388.0
1742036460000,0.17413,0.17413,0.174,0.174,120801.0
1742036520000,0.17401,0.17412,0.17391,0.17391,136806.0
1742036580000,0.1739,0.1739,0.17369,0.17372,134716.0
1742036640000,0.17373,0.17393,0.1737,0.17393,102192.0
1742036700000,0.17394,0.17398,0.17375,0.17378,410666.0
1742036760000,0.17377,0.17404,0.17376,0.174,578009.0
1742036820000,0.174,0.17408,0.174,0.17405,173883.0
1742036880000,0.17406,0.17414,0.174,0.17407,192248.0
1742036940000,0.17407,0.17407,0.17388,0.17403,218895.0
1742037000000,0.17404,0.17409,0.17401,0.17408,26763.0
1742037060000,0.17408,0.17408,0.17382,0.17389,316573.0
1742037120000,0.17389,0.17392,0.17385,0.17385,140844.0
1742037180000,0.17385,0.17393,0.17376,0.17393,202332.0
1742037240000,0.17393,0.17401,0.17392,0.17395,110627.0
1742037300000,0.17395,0.17411,0.17394,0.17394,133111.0
1742037360000,0.17393,0.17399,0.17388,0.17399,190742.0
1742037420000,0.17399,0.17399,0.17392,0.17399,165646.0
1742037480000,0.174,0.17403,0.17376,0.17376,276669.0
1742037540000,0.17377,0.17383,0.17372,0.17383,451695.0
1742037600000,0.17383,0.17391,0.17382,0.17387,142356.0
1742037660000,0.17387,0.17387,0.17379,0.17384,127142.0
1742037720000,0.17385,0.17396,0.17385,0.17388,177875.0
1742037780000,0.17389,0.174,0.17389,0.17398,90802.0
1742037840000,0.17399,0.17401,0.17395,0.17397,74527.0
1742037900000,0.17397,0.174,0.17397,0.17399,32479.0
1742037960000,0.17399,0.17408,0.17394,0.17407,210634.0
1742038020000,0.17407,0.17415,0.17405,0.17413,302006.0
1742038080000,0.17413,0.17415,0.17406,0.17407,284889.0
1742038140000,0.17408,0.17422,0.17408,0.17418,176738.0
1742038200000,0.17418,0.17418,0.17398,0.17409,369604.0
1742038260000,0.17409,0.17423,0.17406,0.17423,274921.0
1742038320000,0.17424,0.17431,0.17415,0.17431,160768.0
1742038380000,0.17432,0.17458,0.17432,0.17453,546191.0
1742038440000,0.17453,0.17453,0.17441,0.17445,406333.0
1742038500000,0.17445,0.17445,0.1742,0.17421,289446.0
1742038560000,0.17421,0.17424,0.1742,0.1742,88296.0
1742038620000,0.1742,0.17432,0.17419,0.17429,75519.0
1742038680000,0.17428,0.17428,0.17421,0.17424,111151.0
1742038740000,0.17424,0.17435,0.17417,0.17418,100434.0
1742038800000,0.17417,0.17417,0.17408,0.17416,103784.0
1742038860000,0.17416,0.1742,0.17413,0.17417,242857.0
1742038920000,0.17418,0.17434,0.17418,0.17424,141896.0
1742038980000,0.17424,0.17428,0.17423,0.17424,101355.0
1742039040000,0.17423,0.17432,0.17421,0.17422,169446.0
1742039100000,0.17421,0.17421,0.174,0.17403,304582.0
1742039160000,0.17403,0.17418,0.17402,0.17418,182378.0
1742039220000,0.17417,0.17423,0.17409,0.17422,53892.0
1742039280000,0.17422,0.1743,0.17414,0.1743,494494.0
1742039340000,0.1743,0.17443,0.1743,0.17441,124027.0
1742039400000,0.17441,0.17441,0.17426,0.1744,335707.0
1742039460000,0.17441,0.17442,0.17434,0.17435,117056.0
1742039520000,0.17435,0.17446,0.17433,0.17445,78248.0
1742039580000,0.17445,0.17449,0.17439,0.17445,251386.0
1742039640000,0.17445,0.1745,0.17443,0.17445,193526.0
1742039700000,0.17445,0.17445,0.1743,0.1743,130183.0
1742039760000,0.17431,0.17442,0.17431,0.17435,179028.0
1742039820000,0.17434,0.1744,0.17434,0.17435,266866.0
1742039880000,0.17436,0.17442,0.17432,0.17442,707032.0
1742039940000,0.17443,0.17443,0.17428,0.17429,276413.0
1742040000000,0.17429,0.17431,0.17418,0.17426,384045.0
1742040060000,0.17427,0.17447,0.17427,0.17427,878776.0
1742040120000,0.17427,0.17433,0.17418,0.17418,362488.0
1742040180000,0.17419,0.1742,0.17411,0.17411,182676.0
1742040240000,0.17411,0.17411,0.17394,0.17399,435276.0
1742040300000,0.17399,0.17408,0.17398,0.17403,221557.0
1742040360000,0.17402,0.17412,0.17401,0.17411,432053.0
1742040420000,0.17411,0.17411,0.17401,0.17402,110235.0
1742040480000,0.17403,0.17424,0.17403,0.17424,341634.0
1742040540000,0.17424,0.17438,0.17423,0.17438,76201.0
1742040600000,0.17439,0.17473,0.17439,0.17466,427763.0
1742040660000,0.17467,0.17469,0.17451,0.17464,310996.0
1742040720000,0.17463,0.17464,0.17456,0.17459,246061.0
1742040780000,0.17459,0.17467,0.17459,0.17464,132145.0
1742040840000,0.17464,0.17472,0.17462,0.17469,166527.0
1742040900000,0.17469,0.17475,0.17466,0.17466,98572.0
1742040960000,0.17467,0.1748,0.17458,0.17463,522921.0
1742041020000,0.17463,0.1748,0.17463,0.1747,499416.0
1742041080000,0.1747,0.17484,0.1747,0.17484,364786.0
1742041140000,0.17485,0.17498,0.17484,0.17488,256138.0
1742041200000,0.17487,0.1749,0.1748,0.17483,302933.0
1742041260000,0.17484,0.17496,0.17484,0.17496,265493.0
1742041320000,0.17497,0.175,0.17492,0.17496,170235.0
1742041380000,0.17496,0.17497,0.17486,0.17488,901646.0
1742041440000,0.17488,0.17489,0.17457,0.17457,284993.0
1742041500000,0.17458,0.17475,0.17453,0.17474,256004.0
1742041560000,0.17474,0.17476,0.17464,0.1747,148285.0
1742041620000,0.1747,0.17483,0.1747,0.17483,40191.0
1742041680000,0.17484,0.17487,0.17476,0.17479,582015.0
1742041740000,0.17479,0.17485,0.17473,0.17476,353538.0
1742041800000,0.17476,0.17478,0.17472,0.17473,345950.0
1742041860000,0.17473,0.17479,0.17463,0.17472,236806.0
1742041920000,0.17473,0.17485,0.17467,0.17484,169949.0
1742041980000,0.17484,0.17484,0.17463,0.17463,130430.0
1742042040000,0.17462,0.17463,0.17454,0.17456,107754.0
1742042100000,0.17456,0.17457,0.17448,0.17455,170359.0
1742042160000,0.17455,0.17471,0.17455,0.17464,246755.0
1742042220000,0.17465,0.17484,0.17464,0.17481,254765.0
1742042280000,0.17481,0.17485,0.17474,0.17475,208156.0
1742042340000,0.17476,0.17486,0.17475,0.17482,291994.0
1742042400000,0.17482,0.17482,0.17465,0.17479,144483.0
1742042460000,0.17479,0.17479,0.17464,0.17475,244188.0
1742042520000,0.17476,0.17486,0.17476,0.17484,32829.0
1742042580000,0.17485,0.17498,0.17482,0.17493,455885.0
1742042640000,0.17492,0.17492,0.1748,0.17483,185950.0
1742042700000,0.17484,0.17499,0.17484,0.17499,84099.0
1742042760000,0.17499,0.17508,0.17494,0.17496,667926.0
1742042820000,0.17496,0.17504,0.17495,0.17504,236278.0
1742042880000,0.17505,0.17526,0.17505,0.17525,296753.0
1742042940000,0.17525,0.17533,0.17524,0.17529,1110314.0
1742043000000,0.17529,0.17538,0.17518,0.17523,263043.0
1742043060000,0.17523,0.17525,0.17504,0.17506,159531.0
1742043120000,0.17506,0.17512,0.17506,0.17512,503098.0
1742043180000,0.17512,0.17527,0.17506,0.17527,444894.0
1742043240000,0.17528,0.17533,0.17486,0.17486,1762328.0
1742043300000,0.17486,0.17488,0.17478,0.1748,213730.0
1742043360000,0.17481,0.17488,0.17481,0.17481,121503.0
1742043420000,0.17481,0.17481,0.17457,0.17471,1079515.0
1742043480000,0.17471,0.17481,0.17471,0.17475,215323.0
1742043540000,0.17475,0.17479,0.17471,0.17475,1244786.0
1742043600000,0.17474,0.17485,0.1747,0.17485,260660.0
1742043660000,0.17486,0.17504,0.17486,0.17503,430202.0
1742043720000,0.17504,0.17504,0.17498,0.17498,155122.0
1742043780000,0.17499,0.17503,0.1749,0.17503,229202.0
1742043840000,0.17504,0.17512,0.17502,0.1751,313901.0
1742043900000,0.17511,0.1752,0.17511,0.17519,269446.0
1742043960000,0.1752,0.17525,0.17505,0.17518,410817.0
1742044020000,0.17518,0.17532,0.17515,0.17528,210869.0
1742044080000,0.17529,0.17539,0.17521,0.17535,466679.0
1742044140000,0.17534,0.17547,0.17529,0.17546,307606.0
1742044200000,0.17547,0.17583,0.17547,0.17582,1265096.0
1742044260000,0.17583,0.17587,0.17559,0.17578,890484.0
1742044320000,0.17579,0.17579,0.1755,0.17566,803167.0
1742044380000,0.17567,0.17567,0.17557,0.17561,195078.0
1742044440000,0.17561,0.17563,0.17558,0.1756,225162.0
1742044500000,0.1756,0.17563,0.17544,0.17544,458138.0
1742044560000,0.17543,0.17549,0.17528,0.17528,322013.0
1742044620000,0.17529,0.17546,0.17528,0.17544,171042.0
1742044680000,0.17544,0.17571,0.17544,0.1757,273662.0
1742044740000,0.17571,0.17587,0.17568,0.17572,601064.0
1742044800000,0.17571,0.17583,0.17562,0.17583,176407.0
1742044860000,0.17584,0.17592,0.17584,0.17587,390352.0
1742044920000,0.17588,0.17599,0.17586,0.17587,692126.0
1742044980000,0.17587,0.17605,0.17583,0.176,839811.0
1742045040000,0.176,0.17614,0.17599,0.17608,430163.0
1742045100000,0.17607,0.17608,0.17601,0.17604,301098.0
1742045160000,0.17604,0.17613,0.17603,0.17608,256827.0
1742045220000,0.17607,0.17607,0.17589,0.17589,250154.0
1742045280000,0.17589,0.17602,0.17578,0.17578,631360.0
1742045340000,0.17577,0.17593,0.17573,0.17588,149443.0
1742045400000,0.17587,0.17595,0.1757,0.17595,697079.0
1742045460000,0.17594,0.176,0.17573,0.17583,527076.0
1742045520000,0.17583,0.17588,0.17575,0.17576,733715.0
1742045580000,0.17576,0.17589,0.17562,0.17588,544281.0
1742045640000,0.17587,0.17615,0.17587,0.17614,238704.0
1742045700000,0.17615,0.17628,0.17607,0.17626,1548449.0
1742045760000,0.17627,0.17671,0.17627,0.17655,1682521.0
1742045820000,0.17654,0.17656,0.17641,0.17654,1464654.0
1742045880000,0.17654,0.177,0.17645,0.17698,2831850.0
1742045940000,0.17698,0.17705,0.17683,0.17699,1463648.0
1742046000000,0.17699,0.17752,0.17692,0.17752,3184037.0
1742046060000,0.17753,0.17756,0.1771,0.17721,2125719.0
1742046120000,0.17721,0.17763,0.17721,0.17763,1279167.0
1742046180000,0.17763,0.17768,0.17744,0.17762,858590.0
1742046240000,0.17762,0.1777,0.17751,0.17751,731830.0
1742046300000,0.17751,0.17754,0.17707,0.17711,1677555.0
1742046360000,0.17711,0.17732,0.1771,0.17718,855913.0
1742046420000,0.17718,0.17726,0.17686,0.17686,1064481.0
1742046480000,0.17686,0.17711,0.17684,0.1769,534261.0
1742046540000,0.17689,0.17689,0.17659,0.17672,814668.0
1742046600000,0.17672,0.17677,0.1765,0.17668,841077.0
1742046660000,0.17668,0.17689,0.17668,0.17681,552865.0
1742046720000,0.17682,0.17689,0.17674,0.17674,445827.0
1742046780000,0.17674,0.17674,0.17658,0.17659,961867.0
1742046840000,0.17658,0.17674,0.17658,0.17669,789489.0
1742046900000,0.1767,0.17708,0.1767,0.17708,423697.0
1742046960000,0.17708,0.17728,0.17705,0.17715,402809.0
1742047020000,0.17716,0.17753,0.17713,0.17744,2323576.0
1742047080000,0.17744,0.17745,0.17735,0.17744,348401.0
1742047140000,0.17744,0.17744,0.17736,0.17741,326282.0
1742047200000,0.17741,0.17741,0.1768,0.17681,1319828.0
1742047260000,0.17683,0.17686,0.17667,0.17667,627942.0
1742047320000,0.17666,0.17682,0.17658,0.17675,475254.0
1742047380000,0.17675,0.17675,0.17634,0.17645,614189.0
1742047440000,0.17644,0.17644,0.17621,0.17624,928726.0
1742047500000,0.17625,0.17652,0.17623,0.17634,695278.0
1742047560000,0.17635,0.17636,0.17617,0.17623,385846.0
1742047620000,0.17623,0.17623,0.17596,0.17603,685167.0
1742047680000,0.17602,0.1762,0.17597,0.1762,442879.0
1742047740000,0.1762,0.17626,0.17608,0.17611,344693.0
1742047800000,0.1761,0.17625,0.1761,0.17614,328948.0
1742047860000,0.17613,0.17623,0.17612,0.17619,592292.0
1742047920000,0.17619,0.17621,0.17609,0.17613,645025.0
1742047980000,0.17614,0.17617,0.17603,0.17607,229097.0
1742048040000,0.17607,0.17625,0.17606,0.17615,2829812.0
1742048100000,0.17615,0.17615,0.1758,0.17585,545951.0
1742048160000,0.17585,0.17599,0.17558,0.17561,716530.0
1742048220000,0.17562,0.17573,0.17561,0.17571,271962.0
1742048280000,0.17571,0.17575,0.17542,0.17555,2168093.0
1742048340000,0.17556,0.17561,0.17546,0.17554,708938.0
1742048400000,0.17554,0.17555,0.17515,0.17524,2763304.0
1742048460000,0.17524,0.17529,0.17516,0.17527,514277.0
1742048520000,0.17527,0.1755,0.17527,0.17543,820617.0
1742048580000,0.17543,0.17554,0.17543,0.17547,283173.0
1742048640000,0.17547,0.17551,0.17524,0.17531,545593.0
1742048700000,0.17531,0.1754,0.17513,0.17517,1676953.0
1742048760000,0.17516,0.1752,0.17503,0.17518,921699.0
1742048820000,0.17519,0.1756,0.17519,0.17556,701666.0
1742048880000,0.17555,0.17555,0.17542,0.17548,255707.0
1742048940000,0.17547,0.17547,0.17534,0.17539,368573.0
1742049000000,0.17539,0.17542,0.17519,0.17523,374180.0
1742049060000,0.17524,0.17561,0.17524,0.17555,223460.0
1742049120000,0.17555,0.17584,0.17555,0.17581,818884.0
1742049180000,0.17581,0.17583,0.17558,0.17558,438631.0
1742049240000,0.17558,0.17564,0.17546,0.17563,914440.0
1742049300000,0.17563,0.17563,0.17528,0.17533,358003.0
1742049360000,0.17533,0.17559,0.17524,0.17559,671538.0
1742049420000,0.17559,0.17559,0.17528,0.17529,260867.0
1742049480000,0.1753,0.17536,0.17523,0.1753,195245.0
1742049540000,0.1753,0.17536,0.17522,0.17536,467531.0
1742049600000,0.17536,0.17548,0.17535,0.1754,145078.0
1742049660000,0.1754,0.17548,0.17539,0.17546,506514.0
1742049720000,0.17546,0.17555,0.17541,0.17551,612855.0
1742049780000,0.17551,0.17574,0.17551,0.17574,506811.0
1742049840000,0.17574,0.17581,0.17574,0.17581,137175.0
1742049900000,0.1758,0.17605,0.1758,0.17594,592028.0
1742049960000,0.17593,0.17598,0.17587,0.17594,128755.0
1742050020000,0.17594,0.17623,0.17594,0.17623,1366457.0
1742050080000,0.17623,0.17624,0.17608,0.17611,3178266.0
1742050140000,0.1761,0.1761,0.17588,0.17594,252134.0
1742050200000,0.17594,0.1761,0.17594,0.17609,297131.0
1742050260000,0.1761,0.17618,0.17596,0.17598,403191.0
1742050320000,0.17599,0.17609,0.17592,0.17605,635517.0
1742050380000,0.17605,0.17609,0.17595,0.176,314263.0
1742050440000,0.17601,0.1762,0.17601,0.17604,104469.0
1742050500000,0.17603,0.17603,0.17565,0.17569,365223.0
1742050560000,0.17569,0.17586,0.17562,0.17562,195168.0
1742050620000,0.17562,0.17573,0.17557,0.17572,140518.0
1742050680000,0.17572,0.17575,0.17561,0.17574,116930.0
1742050740000,0.17574,0.17574,0.17555,0.17556,188879.0
1742050800000,0.17555,0.17566,0.17546,0.1755,376054.0
1742050860000,0.17551,0.17579,0.17551,0.17572,140989.0
1742050920000,0.17571,0.17594,0.17556,0.17591,416011.0
1742050980000,0.1759,0.17606,0.17588,0.17605,162790.0
1742051040000,0.17604,0.17617,0.17598,0.17614,368211.0
1742051100000,0.17614,0.17637,0.17612,0.17637,2815709.0
1742051160000,0.17636,0.1766,0.17629,0.17646,670624.0
1742051220000,0.17646,0.17699,0.17646,0.17696,2369962.0
1742051280000,0.17697,0.17697,0.1765,0.1765,1159336.0
1742051340000,0.17649,0.17659,0.17638,0.17658,551039.0
1742051400000,0.17658,0.17658,0.17639,0.17639,156432.0
1742051460000,0.17639,0.1766,0.17634,0.17658,309216.0
1742051520000,0.17658,0.17658,0.17642,0.17655,247311.0
1742051580000,0.17655,0.17657,0.17641,0.17647,265215.0
1742051640000,0.17647,0.17656,0.17646,0.17654,367899.0
1742051700000,0.17654,0.17678,0.17654,0.17662,382080.0
1742051760000,0.17662,0.17663,0.17645,0.17648,366304.0
1742051820000,0.17648,0.17659,0.17629,0.17634,233232.0
1742051880000,0.17635,0.17636,0.17621,0.17623,199265.0
1742051940000,0.17624,0.17624,0.1761,0.17617,646691.0
1742052000000,0.17617,0.1765,0.17617,0.17644,265857.0
1742052060000,0.17644,0.1768,0.17644,0.17679,329950.0
1742052120000,0.17679,0.17683,0.1767,0.1768,658672.0
1742052180000,0.1768,0.1768,0.17658,0.17668,176264.0
1742052240000,0.17669,0.17669,0.17654,0.17655,700968.0
1742052300000,0.17656,0.17664,0.17654,0.17661,110074.0
1742052360000,0.17661,0.17668,0.17642,0.1766,259119.0
1742052420000,0.1766,0.17671,0.17654,0.17654,122268.0
1742052480000,0.17655,0.17658,0.17644,0.17654,302343.0
1742052540000,0.17653,0.1766,0.17651,0.17654,218930.0
1742052600000,0.17654,0.17659,0.17636,0.17659,259987.0
1742052660000,0.1766,0.17674,0.17646,0.17672,286664.0
1742052720000,0.17673,0.17687,0.17673,0.17686,398911.0
1742052780000,0.17686,0.17686,0.17662,0.17665,488031.0
1742052840000,0.17665,0.17668,0.17651,0.17652,227557.0
1742052900000,0.17652,0.17653,0.17622,0.17623,161622.0
1742052960000,0.17623,0.17635,0.17622,0.1763,220876.0
1742053020000,0.17631,0.17653,0.17621,0.17636,349961.0
1742053080000,0.17637,0.17637,0.17602,0.17625,578797.0
1742053140000,0.17624,0.17642,0.17614,0.1764,483853.0
1742053200000,0.1764,0.17663,0.17639,0.17661,277747.0
1742053260000,0.17662,0.17675,0.17661,0.17673,161964.0
1742053320000,0.17673,0.17677,0.17665,0.17672,452100.0
1742053380000,0.17672,0.17687,0.17671,0.17684,183790.0
1742053440000,0.17683,0.17683,0.17659,0.17667,251882.0
1742053500000,0.17667,0.17699,0.17667,0.17699,346871.0
1742053560000,0.17699,0.17709,0.17692,0.17697,503113.0
1742053620000,0.17697,0.17707,0.17697,0.17702,250551.0
1742053680000,0.17703,0.17724,0.17702,0.17705,654610.0
1742053740000,0.17706,0.17729,0.17706,0.17713,1114981.0
1742053800000,0.17713,0.17722,0.17691,0.17691,398080.0
1742053860000,0.17692,0.17703,0.17692,0.17699,319212.0
1742053920000,0.17698,0.17705,0.17689,0.17694,813544.0
1742053980000,0.17695,0.17707,0.17692,0.17701,468548.0
1742054040000,0.17702,0.17719,0.17699,0.17714,129073.0
1742054100000,0.17715,0.17718,0.17712,0.17712,125495.0
1742054160000,0.17712,0.17717,0.177,0.17705,490734.0
1742054220000,0.17705,0.17708,0.17688,0.17689,172621.0
1742054280000,0.17688,0.17696,0.17687,0.1769,123686.0
1742054340000,0.1769,0.1769,0.17669,0.17682,345953.0
1742054400000,0.17683,0.17701,0.17681,0.17681,411946.0
1742054460000,0.17681,0.1769,0.17641,0.17641,405286.0
1742054520000,0.17641,0.17652,0.17641,0.17652,355292.0
1742054580000,0.17652,0.17652,0.17623,0.17637,823247.0
1742054640000,0.17636,0.17636,0.1762,0.17621,183316.0
1742054700000,0.1762,0.17643,0.17618,0.1764,345124.0
1742054760000,0.1764,0.17671,0.1764,0.17671,303642.0
1742054820000,0.17672,0.17675,0.17648,0.17652,166842.0
1742054880000,0.17652,0.17659,0.17648,0.17652,111594.0
1742054940000,0.17651,0.17668,0.1765,0.1766,276413.0
1742055000000,0.1766,0.1766,0.17638,0.17641,262337.0
1742055060000,0.1764,0.17642,0.17628,0.17637,375910.0
1742055120000,0.17636,0.17647,0.17624,0.17631,516999.0
1742055180000,0.17632,0.17643,0.17631,0.17638,121506.0
1742055240000,0.17638,0.17643,0.1763,0.17633,152944.0
1742055300000,0.17633,0.1764,0.17624,0.17635,548061.0
1742055360000,0.17635,0.17647,0.17616,0.17616,487513.0
1742055420000,0.17616,0.17647,0.17604,0.17647,625666.0
1742055480000,0.17647,0.17657,0.1764,0.1765,344475.0
1742055540000,0.1765,0.17654,0.1763,0.17633,219538.0
1742055600000,0.17633,0.17655,0.17629,0.17652,285366.0
1742055660000,0.17652,0.17652,0.1764,0.17642,231340.0
1742055720000,0.17642,0.17643,0.17625,0.17625,259841.0
1742055780000,0.17625,0.17645,0.17622,0.17624,444690.0
1742055840000,0.17624,0.17653,0.17624,0.17652,157067.0
1742055900000,0.17653,0.17653,0.17606,0.17606,307288.0
1742055960000,0.17606,0.17611,0.17579,0.17587,1175389.0
1742056020000,0.17587,0.17617,0.17587,0.17617,383406.0
1742056080000,0.17618,0.1762,0.1761,0.17612,98116.0
1742056140000,0.17612,0.17623,0.17611,0.17623,107640.0
1742056200000,0.17623,0.17623,0.176,0.17605,110437.0
1742056260000,0.17605,0.17605,0.17591,0.176,292243.0
1742056320000,0.17599,0.1761,0.17588,0.17598,527731.0
1742056380000,0.17598,0.17623,0.17598,0.17623,310814.0
1742056440000,0.17623,0.1763,0.17619,0.1763,204524.0
1742056500000,0.17631,0.17636,0.17626,0.17632,421660.0
1742056560000,0.17633,0.17671,0.17633,0.17671,318176.0
1742056620000,0.17672,0.17699,0.17672,0.17699,207007.0
1742056680000,0.17699,0.17733,0.17699,0.17733,2564009.0
1742056740000,0.17733,0.17733,0.17682,0.17699,1772088.0
1742056800000,0.17699,0.17714,0.17693,0.17711,481252.0
1742056860000,0.17712,0.17722,0.17709,0.17717,368249.0
1742056920000,0.17717,0.17739,0.17714,0.17739,713761.0
1742056980000,0.1774,0.17748,0.17724,0.17724,206039.0
1742057040000,0.17724,0.17724,0.1771,0.17716,358206.0
1742057100000,0.17717,0.17723,0.17705,0.17717,246490.0
1742057160000,0.17717,0.17734,0.17716,0.17733,381544.0
1742057220000,0.17733,0.17776,0.17726,0.17772,1070774.0
1742057280000,0.17772,0.17786,0.17741,0.17752,900626.0
1742057340000,0.17753,0.17754,0.17721,0.17721,449113.0
1742057400000,0.17722,0.17725,0.17704,0.17704,346903.0
1742057460000,0.17703,0.17715,0.177,0.17702,1084222.0
1742057520000,0.17703,0.17711,0.17687,0.17689,2931426.0
1742057580000,0.17689,0.177,0.17688,0.17695,288991.0
1742057640000,0.17695,0.17701,0.17682,0.17682,357690.0
1742057700000,0.17682,0.17689,0.17666,0.17674,392036.0
1742057760000,0.17673,0.17674,0.1766,0.17662,628591.0
1742057820000,0.17662,0.17675,0.1766,0.17664,3254526.0
1742057880000,0.17664,0.17678,0.17664,0.17674,422669.0
1742057940000,0.17674,0.17678,0.17648,0.17648,1218344.0
1742058000000,0.17647,0.17671,0.17647,0.17664,471137.0
1742058060000,0.17665,0.17668,0.17656,0.17657,196836.0
1742058120000,0.17657,0.17673,0.17657,0.17664,201221.0
1742058180000,0.17663,0.17664,0.17638,0.1764,277339.0
1742058240000,0.17639,0.17644,0.17585,0.17586,906619.0
1742058300000,0.17586,0.17597,0.17517,0.17566,2850992.0
1742058360000,0.17566,0.17577,0.17562,0.17571,412837.0
1742058420000,0.17571,0.17586,0.17571,0.17579,211340.0
1742058480000,0.17578,0.17583,0.17568,0.17573,104488.0
1742058540000,0.17573,0.17598,0.17573,0.17597,158223.0
1742058600000,0.17598,0.17603,0.17579,0.17583,588029.0
1742058660000,0.17583,0.17592,0.17567,0.17574,395882.0
1742058720000,0.17574,0.17598,0.17574,0.17592,413130.0
1742058780000,0.17593,0.17617,0.17591,0.17616,114771.0
1742058840000,0.17615,0.17622,0.17614,0.17618,996189.0
1742058900000,0.17618,0.17639,0.17615,0.17639,881868.0
1742058960000,0.17638,0.17643,0.17635,0.17642,2657437.0
1742059020000,0.17643,0.17663,0.17643,0.1765,187770.0
1742059080000,0.17651,0.17652,0.17621,0.17631,621689.0
1742059140000,0.17631,0.17631,0.17611,0.17622,342991.0
1742059200000,0.17623,0.17643,0.17621,0.17632,312212.0
1742059260000,0.17631,0.17632,0.17615,0.17616,227543.0
1742059320000,0.17615,0.17616,0.17604,0.17604,103576.0
1742059380000,0.17605,0.17623,0.17604,0.17618,495782.0
1742059440000,0.17618,0.17633,0.1761,0.17627,511690.0
1742059500000,0.17626,0.17642,0.17617,0.17642,228241.0
1742059560000,0.17642,0.17643,0.17632,0.17638,670470.0
1742059620000,0.17638,0.17644,0.17633,0.17642,183183.0
1742059680000,0.17642,0.17647,0.1764,0.17646,163073.0
1742059740000,0.17646,0.1766,0.17643,0.17645,564477.0
1742059800000,0.17646,0.17665,0.17644,0.17655,374010.0
1742059860000,0.17654,0.17673,0.17649,0.17656,712680.0
1742059920000,0.17657,0.17665,0.17651,0.17659,191462.0
1742059980000,0.17659,0.17669,0.1765,0.17657,322317.0
1742060040000,0.17656,0.17668,0.1765,0.1765,143336.0
1742060100000,0.1765,0.1765,0.17623,0.17637,1336297.0
1742060160000,0.17637,0.17644,0.17631,0.1764,158349.0
1742060220000,0.1764,0.1764,0.17631,0.1764,161119.0
1742060280000,0.17641,0.17645,0.17639,0.17641,180250.0
1742060340000,0.17641,0.17642,0.17629,0.1763,499488.0
1742060400000,0.17629,0.1763,0.17621,0.17621,369367.0
1742060460000,0.1762,0.1762,0.17593,0.17593,327271.0
1742060520000,0.17594,0.17606,0.17583,0.17592,224605.0
1742060580000,0.17591,0.17604,0.17587,0.17599,198999.0
1742060640000,0.17599,0.17606,0.17593,0.17596,238113.0
1742060700000,0.17596,0.17615,0.17576,0.17576,534787.0
1742060760000,0.17577,0.17595,0.17576,0.17582,634867.0
1742060820000,0.17581,0.17581,0.17552,0.17554,1003144.0
1742060880000,0.17554,0.17558,0.17545,0.17554,3248208.0
1742060940000,0.17553,0.17563,0.17547,0.17563,432803.0
1742061000000,0.17564,0.17573,0.17561,0.17561,175792.0
1742061060000,0.17562,0.17576,0.17562,0.17568,108296.0
1742061120000,0.17569,0.17578,0.17565,0.17577,195205.0
1742061180000,0.17577,0.17581,0.17574,0.17574,248252.0
1742061240000,0.17574,0.17574,0.17552,0.17556,271038.0
1742061300000,0.17555,0.17562,0.17552,0.17553,48114.0
1742061360000,0.17554,0.17572,0.17554,0.17572,248617.0
1742061420000,0.17573,0.17579,0.17572,0.17578,114681.0
1742061480000,0.17579,0.17592,0.17577,0.17587,347759.0
1742061540000,0.17588,0.17588,0.17581,0.17582,249950.0
1742061600000,0.17583,0.17595,0.1758,0.17593,668335.0
1742061660000,0.17592,0.17617,0.17585,0.17617,184646.0
1742061720000,0.17618,0.17621,0.17606,0.17614,1065019.0
1742061780000,0.17614,0.17619,0.1761,0.17613,85484.0
1742061840000,0.17613,0.17616,0.17606,0.17606,72167.0
1742061900000,0.17605,0.17608,0.17573,0.17574,292089.0
1742061960000,0.17574,0.17583,0.17571,0.17583,155851.0
1742062020000,0.17583,0.17594,0.17582,0.17593,126762.0
1742062080000,0.17594,0.17596,0.17581,0.17581,163638.0
1742062140000,0.17582,0.17586,0.1758,0.17585,37351.0
1742062200000,0.17585,0.17587,0.17572,0.17574,139359.0
1742062260000,0.17574,0.17579,0.17569,0.17569,160263.0
1742062320000,0.17569,0.17574,0.17562,0.17563,78041.0
1742062380000,0.17563,0.17569,0.17562,0.17565,32014.0
1742062440000,0.17565,0.17581,0.17565,0.17581,80186.0
1742062500000,0.17581,0.17586,0.17555,0.17555,341362.0
1742062560000,0.17554,0.17558,0.17523,0.17558,447410.0
1742062620000,0.17559,0.1757,0.17558,0.17566,172062.0
1742062680000,0.17566,0.17566,0.17553,0.17556,234680.0
1742062740000,0.17557,0.17561,0.17554,0.17555,31221.0
1742062800000,0.17554,0.17578,0.1755,0.17578,816558.0
1742062860000,0.17577,0.17577,0.17562,0.17566,130336.0
1742062920000,0.17565,0.17574,0.17555,0.17574,145032.0
1742062980000,0.17575,0.1758,0.1757,0.17571,130834.0
1742063040000,0.17572,0.17574,0.17557,0.17557,75513.0
1742063100000,0.17558,0.17563,0.17548,0.17551,172367.0
1742063160000,0.17551,0.17553,0.1753,0.1753,298536.0
1742063220000,0.17529,0.17531,0.17516,0.17523,278436.0
1742063280000,0.17523,0.17536,0.17514,0.17533,99598.0
1742063340000,0.17533,0.17539,0.17527,0.17538,40530.0
1742063400000,0.17538,0.17548,0.17532,0.17532,226927.0
1742063460000,0.17532,0.17556,0.17532,0.17552,124811.0
1742063520000,0.17552,0.17552,0.17531,0.17537,475589.0
1742063580000,0.17537,0.17539,0.1752,0.17524,162174.0
1742063640000,0.17523,0.17527,0.1752,0.17524,85419.0
1742063700000,0.17523,0.1754,0.17523,0.17523,123565.0
1742063760000,0.17523,0.17523,0.17508,0.17517,219832.0
1742063820000,0.17517,0.17533,0.17511,0.17523,77102.0
1742063880000,0.17523,0.17523,0.17512,0.17512,153307.0
1742063940000,0.17512,0.17522,0.17511,0.17511,245968.0
1742064000000,0.17512,0.17528,0.17512,0.17526,122210.0
1742064060000,0.17526,0.17526,0.17481,0.1749,896861.0
1742064120000,0.1749,0.1749,0.17461,0.17475,851744.0
1742064180000,0.17474,0.17484,0.17471,0.17484,447675.0
1742064240000,0.17484,0.17493,0.17481,0.17492,169299.0
1742064300000,0.17492,0.17495,0.17486,0.17491,240448.0
1742064360000,0.17491,0.17498,0.17487,0.17498,440987.0
1742064420000,0.17498,0.17499,0.1748,0.17485,106825.0
1742064480000,0.17486,0.17488,0.17474,0.17476,100290.0
1742064540000,0.17476,0.17487,0.1747,0.17485,144681.0
1742064600000,0.17485,0.17504,0.17483,0.17491,328205.0
1742064660000,0.17491,0.17504,0.17483,0.17503,239167.0
1742064720000,0.17503,0.17503,0.17486,0.17491,105399.0
1742064780000,0.17491,0.17495,0.17485,0.17488,288150.0
1742064840000,0.17488,0.1749,0.17482,0.17487,84548.0
1742064900000,0.17487,0.17497,0.17485,0.17496,84936.0
1742064960000,0.17496,0.17499,0.17494,0.17498,511277.0
1742065020000,0.17497,0.17503,0.17489,0.17496,802926.0
1742065080000,0.17496,0.17501,0.17494,0.175,126764.0
1742065140000,0.175,0.17506,0.17496,0.17501,176171.0
1742065200000,0.175,0.175,0.17466,0.17477,3452086.0
1742065260000,0.17476,0.17477,0.17461,0.1747,426705.0
1742065320000,0.1747,0.17487,0.1747,0.17487,135189.0
1742065380000,0.17487,0.17494,0.17466,0.17466,430981.0
1742065440000,0.17467,0.17468,0.17448,0.17458,490055.0
1742065500000,0.17458,0.1746,0.1744,0.17447,165347.0
1742065560000,0.17448,0.17455,0.17447,0.17453,83930.0
1742065620000,0.17454,0.17468,0.17454,0.17468,179152.0
1742065680000,0.17467,0.17467,0.17452,0.17452,66079.0
1742065740000,0.17452,0.17466,0.17451,0.17463,721362.0
1742065800000,0.17463,0.17484,0.17463,0.17482,193277.0
1742065860000,0.17481,0.17481,0.17468,0.17472,96126.0
1742065920000,0.17471,0.17471,0.17461,0.17466,170506.0
1742065980000,0.17465,0.17484,0.17465,0.17481,77725.0
1742066040000,0.17481,0.17481,0.17474,0.17477,103358.0
1742066100000,0.17476,0.17476,0.17465,0.17472,295076.0
1742066160000,0.17473,0.17497,0.17473,0.17497,105337.0
1742066220000,0.17496,0.17496,0.17482,0.17489,318249.0
1742066280000,0.17489,0.17494,0.17483,0.17485,76399.0
1742066340000,0.17485,0.17493,0.17484,0.17484,151441.0
1742066400000,0.17484,0.17495,0.17484,0.17494,46776.0
1742066460000,0.17494,0.17497,0.17487,0.17489,21489.0
1742066520000,0.17488,0.17488,0.17465,0.1747,284177.0
1742066580000,0.1747,0.17493,0.1747,0.17488,234939.0
1742066640000,0.17487,0.1749,0.17483,0.1749,94420.0
1742066700000,0.1749,0.1749,0.17479,0.17485,154481.0
1742066760000,0.17485,0.17493,0.17485,0.17493,27303.0
1742066820000,0.17494,0.17495,0.17483,0.17489,155273.0
1742066880000,0.1749,0.17494,0.17484,0.17487,192480.0
1742066940000,0.17487,0.1749,0.17481,0.1749,148691.0
1742067000000,0.17489,0.17494,0.1748,0.17493,105355.0
1742067060000,0.17492,0.17492,0.17472,0.17484,104821.0
1742067120000,0.17484,0.17495,0.17484,0.17487,95656.0
1742067180000,0.17487,0.1749,0.17482,0.1749,59345.0
1742067240000,0.1749,0.17496,0.17482,0.17483,136499.0
1742067300000,0.17482,0.17491,0.17479,0.17488,56808.0
1742067360000,0.17488,0.17493,0.17473,0.17473,58588.0
1742067420000,0.17472,0.17472,0.17453,0.17462,1073543.0
1742067480000,0.17462,0.17484,0.17457,0.17484,179165.0
1742067540000,0.17485,0.17495,0.17485,0.17491,139325.0
1742067600000,0.1749,0.17497,0.17484,0.17496,115772.0
1742067660000,0.17497,0.17507,0.17495,0.175,107015.0
1742067720000,0.175,0.17502,0.17498,0.17499,70485.0
1742067780000,0.17499,0.17507,0.17499,0.17502,62002.0
1742067840000,0.17502,0.17513,0.17501,0.17509,120864.0
1742067900000,0.17509,0.17518,0.17509,0.17516,352702.0
1742067960000,0.17517,0.17528,0.17513,0.17524,714270.0
1742068020000,0.17525,0.17537,0.17525,0.17532,165469.0
1742068080000,0.17533,0.17548,0.17533,0.17548,365121.0
1742068140000,0.17547,0.17547,0.17531,0.17538,336744.0
1742068200000,0.17538,0.17538,0.17524,0.17528,259100.0
1742068260000,0.17529,0.17535,0.17529,0.17532,58814.0
1742068320000,0.17532,0.17532,0.17521,0.17528,239040.0
1742068380000,0.17529,0.17535,0.17529,0.17534,28166.0
1742068440000,0.17534,0.17539,0.17533,0.17536,63464.0
1742068500000,0.17537,0.17538,0.17533,0.17533,66151.0
1742068560000,0.17533,0.17559,0.17531,0.17557,202355.0
1742068620000,0.17557,0.17557,0.17543,0.17546,114460.0
1742068680000,0.17547,0.17548,0.17527,0.17537,207379.0
1742068740000,0.17536,0.1754,0.17535,0.17538,49937.0
1742068800000,0.17538,0.17558,0.17538,0.17549,157713.0
1742068860000,0.17548,0.1755,0.17535,0.17535,361167.0
1742068920000,0.17535,0.17563,0.17533,0.17548,306920.0
1742068980000,0.17548,0.17549,0.1753,0.17533,272717.0
1742069040000,0.17533,0.17543,0.17532,0.17543,158402.0
1742069100000,0.17543,0.17544,0.1753,0.17544,155411.0
1742069160000,0.17543,0.17567,0.17543,0.17557,197336.0
1742069220000,0.17558,0.17574,0.17558,0.17573,164888.0
1742069280000,0.17573,0.17573,0.17554,0.17558,103153.0
1742069340000,0.17558,0.17594,0.17558,0.17593,396201.0
1742069400000,0.17593,0.17594,0.17567,0.17572,270378.0
1742069460000,0.17573,0.17585,0.17572,0.17583,124918.0
1742069520000,0.17584,0.17587,0.17577,0.1758,98136.0
1742069580000,0.17581,0.17584,0.17578,0.17578,143643.0
1742069640000,0.17578,0.17578,0.17564,0.17573,122546.0
1742069700000,0.17572,0.17582,0.17564,0.17564,347174.0
1742069760000,0.17563,0.17576,0.17557,0.17576,187840.0
1742069820000,0.17576,0.17599,0.17571,0.17598,223739.0
1742069880000,0.17599,0.17631,0.17599,0.17626,558352.0
1742069940000,0.17626,0.17626,0.17614,0.17625,238179.0
1742070000000,0.17625,0.17649,0.17624,0.17644,212348.0
1742070060000,0.17644,0.17644,0.17627,0.17638,390195.0
1742070120000,0.17638,0.17642,0.17632,0.17633,164236.0
1742070180000,0.17633,0.17641,0.17622,0.17631,211377.0
1742070240000,0.17631,0.17631,0.17614,0.17616,106614.0
1742070300000,0.17616,0.1762,0.17607,0.17619,294910.0
1742070360000,0.1762,0.1763,0.17617,0.17617,166036.0
1742070420000,0.17616,0.17617,0.17605,0.17606,81335.0
1742070480000,0.17605,0.17615,0.17605,0.17615,71190.0
1742070540000,0.17614,0.17624,0.17614,0.17622,71178.0
1742070600000,0.17622,0.17636,0.1762,0.17635,179201.0
1742070660000,0.17635,0.17641,0.17629,0.1763,378415.0
1742070720000,0.1763,0.17633,0.17606,0.17611,484958.0
1742070780000,0.17611,0.17618,0.176,0.176,116222.0
1742070840000,0.176,0.17622,0.176,0.17619,190184.0
1742070900000,0.17618,0.17619,0.17596,0.17608,147694.0
1742070960000,0.17609,0.17614,0.17602,0.17614,264523.0
1742071020000,0.17613,0.17619,0.17607,0.17614,98900.0
1742071080000,0.17613,0.17615,0.17603,0.17605,50362.0
1742071140000,0.17605,0.17625,0.17605,0.17619,272152.0
1742071200000,0.17619,0.17635,0.17617,0.17634,119184.0
1742071260000,0.17634,0.1765,0.17634,0.17644,123274.0
1742071320000,0.17644,0.17645,0.17634,0.17645,366022.0
1742071380000,0.17645,0.17647,0.17631,0.17633,2075991.0
1742071440000,0.17634,0.1764,0.17629,0.17636,184406.0
1742071500000,0.17636,0.17649,0.17635,0.17643,314000.0
1742071560000,0.17642,0.17643,0.17621,0.17621,169315.0
1742071620000,0.17621,0.17631,0.17619,0.17631,106408.0
1742071680000,0.17632,0.17651,0.17632,0.17639,214580.0
1742071740000,0.17638,0.17654,0.17638,0.17654,61051.0
1742071800000,0.17653,0.17655,0.17647,0.17647,110420.0
1742071860000,0.17646,0.17651,0.17625,0.17634,444106.0
1742071920000,0.17635,0.17641,0.17625,0.17626,153428.0
1742071980000,0.17627,0.1763,0.17616,0.17616,96904.0
1742072040000,0.17616,0.17621,0.17613,0.17618,24949.0
1742072100000,0.17617,0.17618,0.17609,0.17612,77108.0
1742072160000,0.17613,0.1762,0.17613,0.17614,52865.0
1742072220000,0.17615,0.17615,0.17602,0.17604,52990.0
1742072280000,0.17603,0.17604,0.17597,0.17598,138536.0
1742072340000,0.17598,0.17617,0.17597,0.17616,58884.0
1742072400000,0.17617,0.17628,0.17611,0.17613,67958.0
1742072460000,0.17614,0.17622,0.17613,0.17619,266742.0
1742072520000,0.17619,0.17626,0.1761,0.17611,276167.0
1742072580000,0.17611,0.17639,0.17611,0.17639,323949.0
1742072640000,0.1764,0.1766,0.1764,0.17648,287551.0
1742072700000,0.17648,0.17648,0.17635,0.17642,154981.0
1742072760000,0.17642,0.17653,0.17642,0.17652,47815.0
1742072820000,0.17653,0.17681,0.17653,0.1767,311936.0
1742072880000,0.17669,0.17678,0.17669,0.17672,60360.0
1742072940000,0.17671,0.17672,0.17671,0.17671,29819.0
1742073000000,0.17672,0.17672,0.17653,0.1766,398562.0
1742073060000,0.17661,0.17661,0.17656,0.17659,168341.0
1742073120000,0.17659,0.17659,0.17635,0.17635,104201.0
1742073180000,0.17634,0.17638,0.17634,0.17635,150025.0
1742073240000,0.17634,0.17637,0.17632,0.17637,632722.0
1742073300000,0.17637,0.17638,0.17631,0.17636,51504.0
1742073360000,0.17636,0.17638,0.1762,0.17627,62884.0
1742073420000,0.17627,0.17629,0.17619,0.17628,114314.0
1742073480000,0.17627,0.17628,0.17613,0.17617,112793.0
1742073540000,0.17616,0.17623,0.17613,0.17618,131027.0
1742073600000,0.17619,0.17619,0.1761,0.1761,65062.0
1742073660000,0.1761,0.1761,0.17598,0.17606,193197.0
1742073720000,0.17606,0.1761,0.17604,0.17607,123821.0
1742073780000,0.17608,0.17608,0.17607,0.17608,22432.0
1742073840000,0.17608,0.17614,0.17607,0.17614,73711.0
1742073900000,0.17614,0.17621,0.17611,0.17621,216775.0
1742073960000,0.17621,0.17632,0.1762,0.17632,158803.0
1742074020000,0.17632,0.17646,0.17632,0.17646,67589.0
1742074080000,0.17646,0.17664,0.17645,0.17661,209706.0
1742074140000,0.17662,0.17666,0.17662,0.17662,16512.0
1742074200000,0.17663,0.17696,0.17663,0.17696,255162.0
1742074260000,0.17697,0.17705,0.17694,0.17703,383513.0
1742074320000,0.17702,0.17702,0.17677,0.17683,263506.0
1742074380000,0.17682,0.17684,0.17676,0.17678,61995.0
1742074440000,0.17677,0.17677,0.17674,0.17676,93315.0
1742074500000,0.17676,0.17678,0.17658,0.1766,318936.0
1742074560000,0.1766,0.17673,0.1766,0.17671,80195.0
1742074620000,0.17671,0.17683,0.17671,0.17677,112278.0
1742074680000,0.17677,0.17683,0.17676,0.17683,218139.0
1742074740000,0.17683,0.17745,0.17682,0.1772,756786.0
1742074800000,0.1772,0.17733,0.17715,0.17727,239608.0
1742074860000,0.17726,0.17727,0.17712,0.17713,145276.0
1742074920000,0.17712,0.17714,0.177,0.17712,126239.0
1742074980000,0.17712,0.17716,0.17711,0.17713,211547.0
1742075040000,0.17713,0.17717,0.17703,0.17703,136304.0
1742075100000,0.17703,0.17715,0.17703,0.17714,112241.0
1742075160000,0.17713,0.17713,0.17708,0.17709,28835.0
1742075220000,0.17709,0.17709,0.17708,0.17709,10326.0
1742075280000,0.17709,0.17718,0.17708,0.17718,106335.0
1742075340000,0.17718,0.17718,0.17704,0.17704,100115.0
1742075400000,0.17705,0.17705,0.17695,0.17695,49066.0
1742075460000,0.17694,0.17694,0.17682,0.17682,61700.0
1742075520000,0.17681,0.17689,0.17658,0.17669,1887557.0
1742075580000,0.17668,0.17688,0.17668,0.1768,228164.0
1742075640000,0.17679,0.17707,0.17674,0.17706,194270.0
1742075700000,0.17707,0.17707,0.17694,0.17701,97029.0
1742075760000,0.17701,0.17701,0.17686,0.17686,116624.0
1742075820000,0.17687,0.17697,0.17678,0.17697,173789.0
1742075880000,0.17697,0.17707,0.17685,0.17687,167512.0
1742075940000,0.17686,0.1769,0.17671,0.17679,200279.0
1742076000000,0.1768,0.17694,0.1768,0.17694,127219.0
1742076060000,0.17695,0.17698,0.17671,0.17672,177828.0
1742076120000,0.17673,0.17678,0.17658,0.17666,275460.0
1742076180000,0.17666,0.17698,0.17665,0.17697,116085.0
1742076240000,0.17697,0.17706,0.17681,0.17681,499232.0
1742076300000,0.1768,0.17684,0.17671,0.17678,317008.0
1742076360000,0.17679,0.17707,0.17679,0.17702,358294.0
1742076420000,0.17703,0.17723,0.17702,0.17721,297389.0
1742076480000,0.1772,0.17727,0.17718,0.17725,80324.0
1742076540000,0.17725,0.17725,0.17709,0.1771,148935.0
1742076600000,0.1771,0.17712,0.17689,0.17693,249071.0
1742076660000,0.17693,0.17698,0.17678,0.17688,123619.0
1742076720000,0.17688,0.17697,0.17686,0.17696,27681.0
1742076780000,0.17697,0.17703,0.17682,0.17692,133754.0
1742076840000,0.17692,0.17701,0.17689,0.17701,61238.0
1742076900000,0.177,0.17731,0.177,0.17731,348277.0
1742076960000,0.17732,0.17736,0.17718,0.17736,157971.0
1742077020000,0.17736,0.17736,0.17714,0.1773,130386.0
1742077080000,0.1773,0.1773,0.17701,0.17702,112059.0
1742077140000,0.17702,0.17703,0.1769,0.177,142482.0
1742077200000,0.177,0.17718,0.177,0.17718,88105.0
1742077260000,0.17717,0.17717,0.1769,0.17691,340235.0
1742077320000,0.1769,0.1769,0.17658,0.17669,845810.0
1742077380000,0.17669,0.17677,0.17668,0.17671,408993.0
1742077440000,0.17672,0.17674,0.17667,0.17669,128770.0
1742077500000,0.17669,0.17671,0.17659,0.1766,223020.0
1742077560000,0.1766,0.17666,0.17653,0.17653,38596.0
1742077620000,0.17654,0.17663,0.17653,0.17655,124300.0
1742077680000,0.17655,0.1767,0.17655,0.17669,99057.0
1742077740000,0.1767,0.17681,0.1767,0.17681,88232.0
1742077800000,0.17682,0.17682,0.17666,0.17675,109998.0
1742077860000,0.17675,0.17687,0.17657,0.17687,121317.0
1742077920000,0.17688,0.17691,0.17672,0.17672,188947.0
1742077980000,0.17672,0.17691,0.17672,0.17691,60501.0
1742078040000,0.17691,0.17694,0.17683,0.17684,79215.0
1742078100000,0.17684,0.17695,0.17684,0.17695,110431.0
1742078160000,0.17695,0.17695,0.17685,0.17691,368528.0
1742078220000,0.17691,0.17692,0.17682,0.17687,109122.0
1742078280000,0.17687,0.17687,0.17668,0.17668,94102.0
1742078340000,0.17667,0.17668,0.17633,0.17633,228822.0
1742078400000,0.17634,0.17643,0.17634,0.17641,159200.0
1742078460000,0.17641,0.17651,0.1764,0.17646,56087.0
1742078520000,0.17646,0.17646,0.17624,0.17626,802449.0
1742078580000,0.17626,0.17639,0.17621,0.17638,101833.0
1742078640000,0.17638,0.17638,0.17625,0.17628,114340.0
1742078700000,0.17629,0.17644,0.17621,0.17636,151034.0
1742078760000,0.17636,0.17637,0.17629,0.17635,67064.0
1742078820000,0.17635,0.17645,0.17634,0.17643,252409.0
1742078880000,0.17643,0.17648,0.1764,0.17643,112786.0
1742078940000,0.17643,0.17644,0.17633,0.17642,284751.0
1742079000000,0.17642,0.17664,0.17641,0.17657,115209.0
1742079060000,0.17656,0.17656,0.17643,0.1765,55688.0
1742079120000,0.17649,0.17651,0.17642,0.17642,25494.0
1742079180000,0.17641,0.17661,0.17641,0.17658,83130.0
1742079240000,0.17657,0.17673,0.17656,0.17673,94070.0
1742079300000,0.17673,0.17674,0.17668,0.17668,34155.0
1742079360000,0.17669,0.17678,0.17669,0.17675,102275.0
1742079420000,0.17674,0.17674,0.17665,0.17665,302414.0
1742079480000,0.17665,0.1767,0.17662,0.17662,53765.0
1742079540000,0.17662,0.17665,0.17659,0.17664,47792.0
1742079600000,0.17664,0.17667,0.17658,0.17667,90232.0
1742079660000,0.17668,0.17677,0.1766,0.17661,76027.0
1742079720000,0.17662,0.17663,0.17643,0.17653,103286.0
1742079780000,0.17654,0.17667,0.17651,0.17665,106251.0
1742079840000,0.17664,0.17678,0.17659,0.17678,120052.0
1742079900000,0.17677,0.17681,0.17668,0.17668,80358.0
1742079960000,0.17667,0.17669,0.17652,0.17663,156962.0
1742080020000,0.17662,0.17666,0.17654,0.17665,52667.0
1742080080000,0.17665,0.17678,0.17663,0.17678,38436.0
1742080140000,0.17679,0.17683,0.17661,0.17667,157723.0
1742080200000,0.17666,0.17666,0.17642,0.17656,443973.0
1742080260000,0.17655,0.17659,0.17645,0.17645,173639.0
1742080320000,0.17645,0.17645,0.1764,0.17643,77608.0
1742080380000,0.17643,0.17649,0.17643,0.17649,121003.0
1742080440000,0.17648,0.17649,0.17638,0.17638,86286.0
1742080500000,0.17638,0.17638,0.17615,0.17616,222184.0
1742080560000,0.17616,0.1762,0.176,0.1762,374795.0
1742080620000,0.17619,0.17619,0.17602,0.17604,52755.0
1742080680000,0.17604,0.17609,0.17601,0.17609,261834.0
1742080740000,0.17608,0.17626,0.17603,0.17625,101014.0
1742080800000,0.17624,0.17624,0.17618,0.17621,58652.0
1742080860000,0.1762,0.1762,0.17584,0.17587,321605.0
1742080920000,0.17587,0.17599,0.17587,0.17599,59305.0
1742080980000,0.17598,0.17599,0.17588,0.17598,43092.0
1742081040000,0.17598,0.17601,0.17595,0.176,30818.0
1742081100000,0.17599,0.17599,0.17583,0.17588,86090.0
1742081160000,0.17589,0.17593,0.17584,0.17588,43643.0
1742081220000,0.17589,0.17595,0.17587,0.17588,30248.0
1742081280000,0.17587,0.1759,0.1758,0.17581,76564.0
1742081340000,0.1758,0.17588,0.1758,0.17587,40576.0
1742081400000,0.17588,0.17589,0.1758,0.17586,51952.0
1742081460000,0.17585,0.17586,0.17572,0.17572,139981.0
1742081520000,0.17571,0.17573,0.17565,0.17569,149290.0
1742081580000,0.17568,0.1758,0.17566,0.17574,228840.0
1742081640000,0.17575,0.17581,0.17572,0.17581,137449.0
1742081700000,0.1758,0.17596,0.17574,0.17592,310269.0
1742081760000,0.17592,0.1761,0.17592,0.17609,217852.0
1742081820000,0.17609,0.1761,0.17603,0.17607,64493.0
1742081880000,0.17607,0.17607,0.17598,0.17598,99457.0
1742081940000,0.17598,0.176,0.17595,0.17595,59454.0
1742082000000,0.17594,0.17594,0.1758,0.17583,153346.0
1742082060000,0.17583,0.17591,0.17583,0.17588,169560.0
1742082120000,0.17588,0.17599,0.17585,0.17596,127432.0
1742082180000,0.17596,0.17596,0.17589,0.17589,36904.0
1742082240000,0.1759,0.1759,0.17578,0.17582,213692.0
1742082300000,0.17583,0.17593,0.17583,0.17586,113291.0
1742082360000,0.17587,0.17598,0.17586,0.17597,58796.0
1742082420000,0.17597,0.17613,0.17597,0.17613,144473.0
1742082480000,0.17613,0.17617,0.17611,0.17614,32059.0
1742082540000,0.17614,0.17614,0.17604,0.17604,95216.0
1742082600000,0.17605,0.1762,0.17605,0.17616,136471.0
1742082660000,0.17616,0.17629,0.17609,0.17629,154616.0
1742082720000,0.17629,0.1763,0.17616,0.17617,54226.0
1742082780000,0.17617,0.1762,0.17607,0.17608,191853.0
1742082840000,0.17607,0.17608,0.176,0.17601,123300.0
1742082900000,0.176,0.17607,0.17598,0.17607,75068.0
1742082960000,0.17607,0.17607,0.17604,0.17605,53919.0
1742083020000,0.17605,0.17605,0.1759,0.1759,166805.0
1742083080000,0.1759,0.17595,0.17585,0.17595,113729.0
1742083140000,0.17596,0.17596,0.1759,0.17594,277644.0
1742083200000,0.17593,0.17614,0.17593,0.1761,195904.0
1742083260000,0.1761,0.17619,0.17603,0.17603,642163.0
1742083320000,0.17602,0.17602,0.1756,0.17571,850345.0
1742083380000,0.1757,0.17596,0.17554,0.17594,855138.0
1742083440000,0.17594,0.17595,0.17577,0.17589,134737.0
1742083500000,0.17589,0.17589,0.17573,0.1758,194696.0
1742083560000,0.17579,0.17579,0.1754,0.17542,309209.0
1742083620000,0.17541,0.17542,0.17524,0.17524,403880.0
1742083680000,0.17524,0.17548,0.17524,0.17545,128388.0
1742083740000,0.17545,0.17545,0.17531,0.17542,190687.0
1742083800000,0.17542,0.17545,0.17526,0.17542,129229.0
1742083860000,0.17543,0.17549,0.17541,0.17548,108216.0
1742083920000,0.17548,0.17553,0.17535,0.17552,135032.0
1742083980000,0.17551,0.1759,0.17551,0.17575,155452.0
1742084040000,0.17574,0.17579,0.1757,0.1757,115177.0
1742084100000,0.1757,0.17572,0.17555,0.17564,106134.0
1742084160000,0.17563,0.17577,0.1756,0.17567,56019.0
1742084220000,0.17566,0.17566,0.17551,0.17557,421491.0
1742084280000,0.17556,0.17563,0.17552,0.17558,45632.0
1742084340000,0.17557,0.17566,0.17545,0.17545,342501.0
1742084400000,0.17544,0.17559,0.17534,0.17559,238204.0
1742084460000,0.17558,0.17566,0.17547,0.17547,80481.0
1742084520000,0.17546,0.17564,0.17544,0.17564,53049.0
1742084580000,0.17565,0.17588,0.17563,0.17582,87652.0
1742084640000,0.17582,0.1759,0.17575,0.1759,104308.0
1742084700000,0.1759,0.17604,0.17589,0.17602,194601.0
1742084760000,0.17601,0.17601,0.1758,0.17581,99001.0
1742084820000,0.17582,0.17593,0.17582,0.17593,42270.0
1742084880000,0.17592,0.17592,0.17581,0.17587,95922.0
1742084940000,0.17588,0.17598,0.17588,0.17588,81260.0
1742085000000,0.17587,0.17592,0.1757,0.17592,339199.0
1742085060000,0.17592,0.17612,0.17584,0.17597,150009.0
1742085120000,0.17597,0.17611,0.17596,0.17611,122540.0
1742085180000,0.1761,0.17623,0.17603,0.17623,173221.0
1742085240000,0.17623,0.17636,0.17611,0.17615,410483.0
1742085300000,0.17615,0.17616,0.17603,0.17605,219447.0
1742085360000,0.17605,0.17607,0.17602,0.17605,120383.0
1742085420000,0.17606,0.17625,0.17606,0.17623,217318.0
1742085480000,0.17624,0.17627,0.17613,0.17627,142130.0
1742085540000,0.17627,0.17637,0.17623,0.17634,86782.0
1742085600000,0.17634,0.17649,0.17633,0.17644,405282.0
1742085660000,0.17645,0.17675,0.17645,0.17672,343225.0
1742085720000,0.17671,0.17685,0.17667,0.17676,1267040.0
1742085780000,0.17676,0.17676,0.17658,0.17658,351670.0
1742085840000,0.17658,0.17671,0.17648,0.1767,208652.0
1742085900000,0.17671,0.17671,0.17651,0.17658,130403.0
1742085960000,0.17657,0.17664,0.17647,0.1765,185698.0
1742086020000,0.17649,0.17652,0.17637,0.17637,163446.0
1742086080000,0.17638,0.17652,0.17638,0.17652,79622.0
1742086140000,0.17651,0.17651,0.1764,0.1765,77599.0
1742086200000,0.17649,0.17662,0.17643,0.17656,146739.0
1742086260000,0.17656,0.17664,0.17654,0.17662,35732.0
1742086320000,0.17661,0.17668,0.17645,0.17665,224520.0
1742086380000,0.17665,0.17665,0.17655,0.17655,28106.0
1742086440000,0.17655,0.17655,0.1764,0.17647,145740.0
1742086500000,0.17647,0.17647,0.17624,0.17626,64773.0
1742086560000,0.17627,0.17631,0.17601,0.17601,320164.0
1742086620000,0.17602,0.17603,0.17595,0.17599,115102.0
1742086680000,0.17599,0.17611,0.17597,0.17608,62056.0
1742086740000,0.17608,0.17616,0.17608,0.17613,115001.0
1742086800000,0.17613,0.17647,0.17612,0.17641,167924.0
1742086860000,0.17641,0.17647,0.1762,0.17624,138513.0
1742086920000,0.17625,0.17626,0.17611,0.1762,539776.0
1742086980000,0.17621,0.17621,0.17604,0.17605,57108.0
1742087040000,0.17605,0.17633,0.17605,0.17622,145720.0
1742087100000,0.17623,0.17624,0.17609,0.17611,81039.0
1742087160000,0.17612,0.17614,0.176,0.176,83918.0
1742087220000,0.176,0.176,0.17579,0.1758,583537.0
1742087280000,0.1758,0.17584,0.17576,0.17581,128199.0
1742087340000,0.17581,0.17587,0.17574,0.1758,130782.0
1742087400000,0.17579,0.1758,0.17568,0.17569,573519.0
1742087460000,0.17569,0.17586,0.17569,0.17572,793387.0
1742087520000,0.17572,0.17572,0.17551,0.17551,337884.0
1742087580000,0.17552,0.17565,0.17552,0.17557,177332.0
1742087640000,0.17557,0.17557,0.17545,0.17545,131663.0
1742087700000,0.17545,0.17567,0.17544,0.17567,156513.0
1742087760000,0.17568,0.17572,0.17563,0.17566,192230.0
1742087820000,0.17566,0.17577,0.17554,0.17554,87755.0
1742087880000,0.17554,0.17564,0.17548,0.1756,182501.0
1742087940000,0.1756,0.17563,0.1755,0.17552,273829.0
1742088000000,0.17551,0.17569,0.17548,0.17561,177965.0
1742088060000,0.17562,0.17567,0.17523,0.17527,339113.0
1742088120000,0.17528,0.1754,0.17523,0.17534,203894.0
1742088180000,0.17534,0.17542,0.17528,0.17542,166622.0
1742088240000,0.17542,0.17543,0.17533,0.17534,132246.0
1742088300000,0.17533,0.17561,0.17533,0.17546,159757.0
1742088360000,0.17547,0.17561,0.17547,0.17561,111680.0
1742088420000,0.17562,0.17565,0.17552,0.17562,45065.0
1742088480000,0.17562,0.17565,0.17558,0.17558,80412.0
1742088540000,0.17557,0.17557,0.17549,0.1755,67165.0
1742088600000,0.1755,0.1755,0.17519,0.1753,365244.0
1742088660000,0.1753,0.17538,0.17523,0.17536,226374.0
1742088720000,0.17536,0.17537,0.17516,0.17516,3446557.0
1742088780000,0.17516,0.17516,0.17501,0.17501,577832.0
1742088840000,0.175,0.17501,0.17476,0.17479,1308019.0
1742088900000,0.17479,0.17483,0.17458,0.17461,418451.0
1742088960000,0.1746,0.1746,0.17408,0.17417,943382.0
1742089020000,0.17416,0.17439,0.17402,0.17438,451140.0
1742089080000,0.17439,0.17453,0.17436,0.17438,116704.0
1742089140000,0.17439,0.17458,0.17439,0.17452,238318.0
1742089200000,0.17451,0.17457,0.17442,0.17457,387242.0
1742089260000,0.17458,0.1747,0.17457,0.17468,226453.0
1742089320000,0.17468,0.17471,0.17456,0.17457,132067.0
1742089380000,0.17457,0.1746,0.17442,0.17442,133272.0
1742089440000,0.17442,0.17457,0.17442,0.17446,258025.0
1742089500000,0.17445,0.1746,0.17438,0.1746,396676.0
1742089560000,0.1746,0.17471,0.17448,0.17464,1257995.0
1742089620000,0.17464,0.17465,0.17455,0.17455,104029.0
1742089680000,0.17455,0.17472,0.17455,0.17471,218843.0
1742089740000,0.17472,0.17473,0.17465,0.17465,81495.0
1742089800000,0.17466,0.17473,0.17448,0.17451,243549.0
1742089860000,0.1745,0.17452,0.1741,0.1741,285394.0
1742089920000,0.1741,0.17413,0.17385,0.17407,1101901.0
1742089980000,0.17407,0.17407,0.17397,0.17404,193580.0
1742090040000,0.17405,0.17424,0.17405,0.17419,398070.0
1742090100000,0.17418,0.17428,0.17408,0.17408,171440.0
1742090160000,0.17408,0.17408,0.17393,0.17401,175368.0
1742090220000,0.17401,0.17405,0.17394,0.17394,415089.0
1742090280000,0.17393,0.17405,0.17393,0.17399,83646.0
1742090340000,0.174,0.174,0.1739,0.1739,122133.0
1742090400000,0.1739,0.1741,0.17359,0.17407,2865542.0
1742090460000,0.17407,0.17412,0.17391,0.17407,470967.0
1742090520000,0.17407,0.17412,0.17398,0.17406,276371.0
1742090580000,0.17405,0.17408,0.174,0.17407,59045.0
1742090640000,0.17407,0.17407,0.1739,0.17404,445891.0
1742090700000,0.17405,0.17412,0.17362,0.17375,468380.0
1742090760000,0.17376,0.17376,0.17342,0.17352,1294182.0
1742090820000,0.17352,0.17361,0.1732,0.17333,709768.0
1742090880000,0.17333,0.17342,0.17326,0.17331,313263.0
1742090940000,0.17332,0.17337,0.1732,0.17334,476038.0
1742091000000,0.17335,0.1734,0.17328,0.17328,438269.0
1742091060000,0.17328,0.17337,0.17325,0.17325,129504.0
1742091120000,0.17324,0.17329,0.17312,0.17328,390125.0
1742091180000,0.17329,0.1735,0.17325,0.17343,263171.0
1742091240000,0.17344,0.17356,0.17339,0.17339,227479.0
1742091300000,0.17339,0.17346,0.17324,0.17346,141307.0
1742091360000,0.17346,0.17376,0.17344,0.17363,338161.0
1742091420000,0.17363,0.17365,0.17345,0.1735,106298.0
1742091480000,0.1735,0.17357,0.17338,0.17346,332573.0
1742091540000,0.17346,0.17346,0.17321,0.1734,805670.0
1742091600000,0.17341,0.17348,0.17311,0.17312,481165.0
1742091660000,0.17312,0.17366,0.17295,0.17347,1376802.0
1742091720000,0.17347,0.17347,0.17331,0.17342,285800.0
1742091780000,0.17341,0.17353,0.17338,0.17352,574362.0
1742091840000,0.17353,0.17362,0.1735,0.17353,266371.0
1742091900000,0.17353,0.17368,0.17345,0.17364,260092.0
1742091960000,0.17364,0.17382,0.17362,0.17377,773189.0
1742092020000,0.17377,0.17386,0.17372,0.17375,99316.0
1742092080000,0.17375,0.17388,0.17374,0.17375,204309.0
1742092140000,0.17375,0.17392,0.17372,0.17382,141036.0
1742092200000,0.17383,0.17385,0.17369,0.1738,66552.0
1742092260000,0.1738,0.17402,0.1738,0.17391,459331.0
1742092320000,0.17391,0.17401,0.17391,0.17399,430404.0
1742092380000,0.17399,0.17413,0.17399,0.17407,119072.0
1742092440000,0.17407,0.17415,0.17407,0.17415,105725.0
1742092500000,0.17415,0.17416,0.17393,0.17398,204283.0
1742092560000,0.17397,0.17419,0.17394,0.17416,187263.0
1742092620000,0.17417,0.17425,0.17415,0.17416,150218.0
1742092680000,0.17417,0.17424,0.17413,0.17424,127786.0
1742092740000,0.17425,0.17428,0.1742,0.17428,49447.0
1742092800000,0.17429,0.17447,0.17429,0.17437,99391.0
1742092860000,0.17437,0.17441,0.17418,0.17423,315517.0
1742092920000,0.17423,0.17428,0.17422,0.17426,176822.0
1742092980000,0.17426,0.17426,0.17411,0.17412,175387.0
1742093040000,0.17412,0.17412,0.17401,0.17401,152834.0
1742093100000,0.17401,0.17405,0.17382,0.17388,374995.0
1742093160000,0.17388,0.17394,0.17381,0.17381,185085.0
1742093220000,0.17381,0.17397,0.17373,0.17393,106816.0
1742093280000,0.17393,0.17393,0.17379,0.17384,64500.0
1742093340000,0.17383,0.17385,0.17367,0.17368,95028.0
1742093400000,0.17367,0.17375,0.1736,0.17371,123671.0
1742093460000,0.1737,0.17376,0.1736,0.17376,231181.0
1742093520000,0.17376,0.17379,0.1737,0.17373,177323.0
1742093580000,0.17373,0.17373,0.17364,0.17367,75604.0
1742093640000,0.17367,0.17369,0.17352,0.17352,230483.0
1742093700000,0.17353,0.1736,0.17353,0.17358,79710.0
1742093760000,0.17357,0.17357,0.17329,0.17329,377430.0
1742093820000,0.17329,0.17349,0.17315,0.17348,319448.0
1742093880000,0.17347,0.17362,0.17346,0.17357,278006.0
1742093940000,0.17357,0.17358,0.17348,0.17348,51197.0
1742094000000,0.17347,0.17349,0.17337,0.17341,163467.0
1742094060000,0.17341,0.17342,0.17328,0.17338,212549.0
1742094120000,0.17339,0.1734,0.17318,0.17328,177134.0
1742094180000,0.17328,0.17362,0.17326,0.17359,383428.0
1742094240000,0.1736,0.17362,0.17351,0.17359,48573.0
1742094300000,0.17359,0.17373,0.17359,0.17367,138974.0
1742094360000,0.17366,0.17379,0.17365,0.17373,53544.0
1742094420000,0.17374,0.17375,0.17371,0.17374,38001.0
1742094480000,0.17375,0.17392,0.17374,0.1738,55047.0
1742094540000,0.17381,0.17386,0.17376,0.17378,48080.0
1742094600000,0.17378,0.17392,0.17374,0.17387,198116.0
1742094660000,0.17388,0.17388,0.17378,0.17378,167587.0
1742094720000,0.17379,0.17384,0.17371,0.17372,87624.0
1742094780000,0.17371,0.17383,0.17371,0.17374,67754.0
1742094840000,0.17374,0.17388,0.17374,0.17383,149070.0
1742094900000,0.17383,0.17396,0.1738,0.1739,155430.0
1742094960000,0.17389,0.174,0.17387,0.174,94228.0
1742095020000,0.174,0.17415,0.17398,0.17412,574604.0
1742095080000,0.17412,0.17423,0.17408,0.17421,380333.0
1742095140000,0.1742,0.17426,0.17417,0.17417,174727.0
1742095200000,0.17416,0.17428,0.17404,0.17423,184891.0
1742095260000,0.17422,0.1743,0.1742,0.17423,24777.0
1742095320000,0.17422,0.17431,0.17418,0.17431,58845.0
1742095380000,0.17431,0.17443,0.17431,0.17435,88343.0
1742095440000,0.17435,0.17449,0.17435,0.1744,43794.0
1742095500000,0.1744,0.17445,0.17432,0.17438,26919.0
1742095560000,0.17439,0.17448,0.17439,0.17448,99633.0
1742095620000,0.17449,0.17457,0.17442,0.17445,151708.0
1742095680000,0.17446,0.17455,0.17446,0.17454,15036.0
1742095740000,0.17453,0.17462,0.17453,0.17455,244844.0
1742095800000,0.17455,0.17456,0.1744,0.17447,356564.0
1742095860000,0.17447,0.17451,0.17434,0.17434,69927.0
1742095920000,0.17433,0.17449,0.17428,0.17441,136665.0
1742095980000,0.17441,0.17447,0.17441,0.17446,36012.0
1742096040000,0.17446,0.17459,0.17445,0.17459,86416.0
1742096100000,0.17458,0.17458,0.17442,0.17445,57477.0
1742096160000,0.17445,0.17446,0.17442,0.17443,22645.0
1742096220000,0.17444,0.17454,0.17439,0.17454,125310.0
1742096280000,0.17455,0.17459,0.17448,0.17453,70881.0
1742096340000,0.17454,0.17457,0.17448,0.17457,51817.0
1742096400000,0.17457,0.17457,0.17438,0.17446,124002.0
1742096460000,0.17447,0.17461,0.17445,0.17451,603954.0
1742096520000,0.17451,0.17458,0.17448,0.17452,282389.0
1742096580000,0.17452,0.1746,0.17446,0.1746,141651.0
1742096640000,0.17459,0.17459,0.1745,0.17457,141266.0
1742096700000,0.17456,0.17456,0.17446,0.1745,93872.0
1742096760000,0.17451,0.17451,0.17429,0.17437,230276.0
1742096820000,0.17437,0.17441,0.17429,0.17429,31890.0
1742096880000,0.17429,0.17434,0.17428,0.17428,65381.0
1742096940000,0.17428,0.1743,0.17424,0.17426,238762.0
1742097000000,0.17426,0.17426,0.17417,0.17421,50056.0
1742097060000,0.17421,0.1744,0.17421,0.17439,81069.0
1742097120000,0.1744,0.17455,0.17433,0.17455,282655.0
1742097180000,0.17455,0.17473,0.1745,0.17454,641172.0
1742097240000,0.17454,0.17468,0.17454,0.17467,22523.0
1742097300000,0.17468,0.17489,0.17468,0.17489,160171.0
1742097360000,0.17488,0.17488,0.1747,0.17472,186573.0
1742097420000,0.17472,0.17474,0.17465,0.1747,266051.0
1742097480000,0.1747,0.17484,0.17465,0.17469,248389.0
1742097540000,0.17469,0.17475,0.17469,0.1747,38598.0
1742097600000,0.17471,0.17475,0.17456,0.17457,140790.0
1742097660000,0.17457,0.17471,0.17448,0.17448,89308.0
1742097720000,0.17449,0.17455,0.17439,0.17442,757263.0
1742097780000,0.17443,0.17445,0.17431,0.17441,459997.0
1742097840000,0.1744,0.17446,0.17439,0.1744,143265.0
1742097900000,0.17441,0.17454,0.1744,0.17444,120071.0
1742097960000,0.17444,0.17457,0.17444,0.17457,98609.0
1742098020000,0.17457,0.17475,0.17456,0.17475,88334.0
1742098080000,0.17475,0.1748,0.17466,0.17467,250910.0
1742098140000,0.17467,0.17469,0.1745,0.17464,1019288.0
1742098200000,0.17465,0.1748,0.17464,0.17478,87382.0
1742098260000,0.17478,0.17479,0.17472,0.17479,172598.0
1742098320000,0.17478,0.17478,0.17468,0.1747,257345.0
1742098380000,0.17469,0.17476,0.17466,0.17468,78920.0
1742098440000,0.17469,0.17469,0.17454,0.17459,220736.0
1742098500000,0.17459,0.17476,0.17457,0.17473,101265.0
1742098560000,0.17472,0.17472,0.17462,0.17472,65253.0
1742098620000,0.17471,0.17484,0.17468,0.17484,143364.0
1742098680000,0.17485,0.17498,0.17485,0.17496,111260.0
1742098740000,0.17495,0.17498,0.17491,0.17492,42994.0
1742098800000,0.17492,0.17507,0.17492,0.17506,385543.0
1742098860000,0.17506,0.17517,0.17502,0.17516,123881.0
1742098920000,0.17516,0.17516,0.17503,0.17505,182084.0
1742098980000,0.17506,0.17511,0.17501,0.17511,50754.0
1742099040000,0.17511,0.17511,0.175,0.17501,61929.0
1742099100000,0.175,0.17502,0.17498,0.175,119743.0
1742099160000,0.17501,0.17502,0.17486,0.17488,87824.0
1742099220000,0.17488,0.17494,0.17486,0.17491,102576.0
1742099280000,0.17491,0.17491,0.17485,0.17485,261611.0
1742099340000,0.17485,0.17488,0.17484,0.17484,142694.0
1742099400000,0.17484,0.17493,0.17484,0.17493,42485.0
1742099460000,0.17493,0.17503,0.17493,0.17498,41711.0
1742099520000,0.17497,0.17497,0.17487,0.17488,124085.0
1742099580000,0.17487,0.17489,0.17484,0.17484,77854.0
1742099640000,0.17484,0.17484,0.17466,0.17484,579101.0
1742099700000,0.17484,0.17485,0.17476,0.17479,67435.0
1742099760000,0.1748,0.17481,0.17471,0.17481,55083.0
1742099820000,0.17481,0.17494,0.17479,0.17494,41784.0
1742099880000,0.17493,0.17493,0.17479,0.17493,255835.0
1742099940000,0.17493,0.17528,0.17493,0.1752,202004.0
1742100000000,0.17519,0.17533,0.17515,0.17529,263511.0
1742100060000,0.17529,0.17541,0.17528,0.17541,261264.0
1742100120000,0.1754,0.17543,0.17527,0.17527,259038.0
1742100180000,0.17527,0.17535,0.17521,0.17521,129542.0
1742100240000,0.17521,0.17522,0.17516,0.17519,58489.0
1742100300000,0.1752,0.17533,0.1752,0.1753,60729.0
1742100360000,0.1753,0.17534,0.17523,0.17524,162935.0
1742100420000,0.17524,0.17526,0.17506,0.17507,106781.0
1742100480000,0.17507,0.17509,0.17502,0.17506,34325.0
1742100540000,0.17507,0.17519,0.17499,0.17499,89854.0
1742100600000,0.175,0.17506,0.17499,0.17501,45942.0
1742100660000,0.17501,0.17512,0.1749,0.17507,136043.0
1742100720000,0.17507,0.17522,0.17507,0.17509,170723.0
1742100780000,0.1751,0.17511,0.17491,0.17492,104787.0
1742100840000,0.17492,0.17498,0.17485,0.17496,50558.0
1742100900000,0.17496,0.17517,0.17495,0.17517,104843.0
1742100960000,0.17517,0.17517,0.17509,0.17512,61198.0
1742101020000,0.17511,0.17524,0.1751,0.17523,78459.0
1742101080000,0.17524,0.17528,0.17522,0.17526,537031.0
1742101140000,0.17526,0.17526,0.17517,0.17517,61992.0
1742101200000,0.17518,0.17528,0.17516,0.17516,55756.0
1742101260000,0.17516,0.17517,0.17506,0.17506,133320.0
1742101320000,0.17506,0.17522,0.17501,0.17522,72230.0
1742101380000,0.17523,0.17531,0.1752,0.17531,73784.0
1742101440000,0.17531,0.17557,0.17531,0.17542,342518.0
1742101500000,0.17543,0.17551,0.17541,0.17541,119337.0
1742101560000,0.17541,0.17549,0.17535,0.17549,111830.0
1742101620000,0.1755,0.17554,0.17535,0.17539,110304.0
1742101680000,0.17539,0.17551,0.17539,0.1754,103091.0
1742101740000,0.1754,0.17551,0.1754,0.17549,83510.0
1742101800000,0.17548,0.17548,0.1753,0.17531,161043.0
1742101860000,0.17531,0.17542,0.1753,0.17532,442022.0
1742101920000,0.17533,0.17549,0.17529,0.17548,176311.0
1742101980000,0.17548,0.17548,0.17533,0.17538,182015.0
1742102040000,0.17539,0.17544,0.17536,0.17544,44752.0
1742102100000,0.17544,0.17546,0.17538,0.17546,14490.0
1742102160000,0.17545,0.17547,0.17541,0.17545,85843.0
1742102220000,0.17546,0.17571,0.17545,0.17569,331227.0
1742102280000,0.17569,0.17591,0.17568,0.17581,295045.0
1742102340000,0.17581,0.17581,0.17569,0.17579,140066.0
1742102400000,0.17579,0.17579,0.17565,0.17577,127820.0
1742102460000,0.17577,0.17577,0.17573,0.17574,134273.0
1742102520000,0.17573,0.17592,0.17567,0.1759,246047.0
1742102580000,0.1759,0.17595,0.1759,0.17594,217532.0
1742102640000,0.17593,0.17652,0.17593,0.17633,1555414.0
1742102700000,0.17634,0.17646,0.17625,0.17643,220782.0
1742102760000,0.17643,0.17646,0.17623,0.17624,210340.0
1742102820000,0.17624,0.17624,0.17605,0.17614,228088.0
1742102880000,0.17614,0.1762,0.17605,0.17617,333283.0
1742102940000,0.17618,0.17627,0.17618,0.17624,155185.0
1742103000000,0.17623,0.1763,0.17615,0.17615,219086.0
1742103060000,0.17616,0.17639,0.17615,0.17638,162305.0
1742103120000,0.17637,0.17637,0.17612,0.17612,57651.0
1742103180000,0.17611,0.17615,0.17607,0.17615,480312.0
1742103240000,0.17615,0.17628,0.17615,0.17628,94348.0
1742103300000,0.17627,0.17641,0.17626,0.17638,505283.0
1742103360000,0.17638,0.17649,0.17635,0.17645,225364.0
1742103420000,0.17645,0.17645,0.17635,0.17641,68865.0
1742103480000,0.17641,0.17641,0.17619,0.17619,442896.0
1742103540000,0.17619,0.17619,0.17606,0.17607,73800.0
1742103600000,0.17608,0.17612,0.17601,0.17612,57881.0
1742103660000,0.17613,0.17614,0.176,0.17601,234851.0
1742103720000,0.17601,0.17602,0.1759,0.1759,240057.0
1742103780000,0.1759,0.1759,0.17584,0.17585,158988.0
1742103840000,0.17585,0.17585,0.17576,0.17582,474103.0
1742103900000,0.17582,0.17587,0.17575,0.17586,204010.0
1742103960000,0.17586,0.17586,0.17567,0.17571,125856.0
1742104020000,0.17571,0.17576,0.17554,0.17565,1340400.0
1742104080000,0.17565,0.17573,0.17564,0.1757,105057.0
1742104140000,0.1757,0.17576,0.17557,0.17566,295622.0
1742104200000,0.17567,0.17577,0.17562,0.17577,64969.0
1742104260000,0.17576,0.17582,0.17567,0.17582,111701.0
1742104320000,0.17582,0.17603,0.17582,0.17602,100333.0
1742104380000,0.17602,0.17602,0.17588,0.17594,173344.0
1742104440000,0.17594,0.17599,0.17585,0.17585,131662.0
1742104500000,0.17585,0.17597,0.17583,0.17596,98156.0
1742104560000,0.17597,0.17611,0.17597,0.17611,173753.0
1742104620000,0.17611,0.17613,0.17598,0.17607,129053.0
1742104680000,0.17608,0.17613,0.17607,0.17613,10218.0
1742104740000,0.17612,0.17631,0.17612,0.17626,179849.0
1742104800000,0.17627,0.17637,0.1761,0.1761,205109.0
1742104860000,0.1761,0.17625,0.1761,0.17622,24317.0
1742104920000,0.17622,0.17622,0.17602,0.17611,95646.0
1742104980000,0.17611,0.17611,0.17599,0.17599,84481.0
1742105040000,0.176,0.17603,0.17595,0.17595,59209.0
1742105100000,0.17594,0.17594,0.17582,0.17583,144445.0
1742105160000,0.17582,0.17582,0.17567,0.17569,379658.0
1742105220000,0.17569,0.1757,0.17563,0.17569,101289.0
1742105280000,0.17569,0.17577,0.17569,0.17577,88033.0
1742105340000,0.17578,0.17585,0.17576,0.17581,109007.0
1742105400000,0.17581,0.17582,0.17571,0.17575,48154.0
1742105460000,0.17575,0.17608,0.17575,0.17607,91065.0
1742105520000,0.17607,0.17609,0.17591,0.17595,215609.0
1742105580000,0.17595,0.17603,0.17591,0.17603,61783.0
1742105640000,0.17602,0.17602,0.17589,0.17596,46562.0
1742105700000,0.17597,0.17607,0.17597,0.176,151252.0
1742105760000,0.17599,0.17599,0.17586,0.1759,59018.0
1742105820000,0.1759,0.176,0.17585,0.176,60250.0
1742105880000,0.176,0.176,0.17587,0.17589,152891.0
1742105940000,0.17589,0.17594,0.17584,0.17584,40810.0
1742106000000,0.17583,0.17603,0.17581,0.17598,135594.0
1742106060000,0.17598,0.17614,0.17598,0.17613,61081.0
1742106120000,0.17614,0.17623,0.17614,0.17621,92193.0
1742106180000,0.1762,0.1762,0.17601,0.17615,73987.0
1742106240000,0.17614,0.17618,0.17611,0.17613,194367.0
1742106300000,0.17613,0.17613,0.17603,0.17603,40469.0
1742106360000,0.17603,0.17611,0.17602,0.17604,25991.0
1742106420000,0.17605,0.17617,0.17605,0.17617,16625.0
1742106480000,0.17617,0.17619,0.17615,0.17616,83529.0
1742106540000,0.17615,0.17626,0.17613,0.17618,171451.0
1742106600000,0.17617,0.17622,0.17606,0.17621,98731.0
1742106660000,0.17622,0.17647,0.17617,0.17646,164432.0
1742106720000,0.17647,0.17647,0.17628,0.17633,91030.0
1742106780000,0.17632,0.17645,0.17631,0.17644,140426.0
1742106840000,0.17645,0.17659,0.17631,0.17638,421302.0
1742106900000,0.17638,0.17653,0.17638,0.17652,163360.0
1742106960000,0.17652,0.17652,0.17642,0.17651,36743.0
1742107020000,0.17652,0.17656,0.17645,0.17645,51895.0
1742107080000,0.17645,0.17653,0.1764,0.17653,166121.0
1742107140000,0.17652,0.17653,0.17635,0.17637,68337.0
1742107200000,0.17636,0.17636,0.17621,0.17626,311525.0
1742107260000,0.17626,0.17641,0.17626,0.17641,162453.0
1742107320000,0.17642,0.17642,0.17623,0.17624,452052.0
1742107380000,0.17624,0.17635,0.17621,0.17635,51709.0
1742107440000,0.17636,0.17636,0.17625,0.17626,39073.0
1742107500000,0.17627,0.17627,0.17606,0.17613,429481.0
1742107560000,0.17614,0.17628,0.17613,0.17627,133762.0
1742107620000,0.17627,0.17628,0.17613,0.17616,124844.0
1742107680000,0.17616,0.17626,0.17613,0.17624,139046.0
1742107740000,0.17623,0.17628,0.17613,0.17616,43181.0
1742107800000,0.17616,0.17622,0.17613,0.17614,15637.0
1742107860000,0.17614,0.17618,0.17612,0.17613,43285.0
1742107920000,0.17612,0.1762,0.17609,0.17614,360520.0
1742107980000,0.17613,0.17615,0.17609,0.17609,146772.0
1742108040000,0.17609,0.17609,0.17598,0.17603,74520.0
1742108100000,0.17604,0.17607,0.17599,0.176,150278.0
1742108160000,0.176,0.176,0.17595,0.17595,50836.0
1742108220000,0.17595,0.17595,0.17579,0.17582,114087.0
1742108280000,0.17583,0.17588,0.17582,0.17588,55818.0
1742108340000,0.17589,0.17589,0.17576,0.17578,308879.0
1742108400000,0.17579,0.1758,0.17574,0.17574,153479.0
1742108460000,0.17575,0.1758,0.17569,0.17571,235623.0
1742108520000,0.17571,0.17578,0.17564,0.17578,42655.0
1742108580000,0.17578,0.17579,0.17561,0.1757,1281513.0
1742108640000,0.1757,0.17575,0.17568,0.17569,94467.0
1742108700000,0.17569,0.17574,0.17568,0.17568,247135.0
1742108760000,0.17569,0.17574,0.17553,0.17556,270841.0
1742108820000,0.17555,0.17556,0.17538,0.17542,1493404.0
1742108880000,0.17542,0.17542,0.17524,0.17533,3481277.0
1742108940000,0.17532,0.17532,0.17489,0.17497,1036336.0
1742109000000,0.17496,0.17513,0.17489,0.1751,429164.0
1742109060000,0.17509,0.17521,0.17505,0.17511,300386.0
1742109120000,0.1751,0.1751,0.17475,0.17489,476077.0
1742109180000,0.17489,0.17495,0.17478,0.17495,157138.0
1742109240000,0.17494,0.17498,0.17489,0.17489,380904.0
1742109300000,0.17489,0.17489,0.17459,0.17467,672081.0
1742109360000,0.17467,0.17477,0.17465,0.17477,322034.0
1742109420000,0.17477,0.17488,0.17477,0.17487,281268.0
1742109480000,0.17488,0.17506,0.17485,0.175,399834.0
1742109540000,0.175,0.17507,0.1749,0.17506,181890.0
1742109600000,0.17506,0.17517,0.17504,0.17512,117040.0
1742109660000,0.17512,0.17514,0.17507,0.17511,152518.0
1742109720000,0.1751,0.17523,0.1751,0.17523,128948.0
1742109780000,0.17522,0.17537,0.1752,0.17535,182402.0
1742109840000,0.17536,0.17536,0.17518,0.17518,124370.0
1742109900000,0.17518,0.17518,0.17494,0.17494,193205.0
1742109960000,0.17494,0.17498,0.17491,0.17494,76893.0
1742110020000,0.17493,0.175,0.17491,0.175,137932.0
1742110080000,0.17499,0.17513,0.17499,0.17503,131301.0
1742110140000,0.17503,0.17509,0.17502,0.17505,42758.0
1742110200000,0.17504,0.17511,0.17504,0.17511,330399.0
1742110260000,0.17512,0.1753,0.17512,0.1753,49182.0
1742110320000,0.1753,0.17532,0.17512,0.17512,144925.0
1742110380000,0.17512,0.17527,0.17508,0.17527,47177.0
1742110440000,0.17527,0.17527,0.17515,0.17525,106614.0
1742110500000,0.17525,0.17534,0.17519,0.17534,138875.0
1742110560000,0.17534,0.17563,0.17532,0.17563,703014.0
1742110620000,0.17563,0.17577,0.17563,0.17576,97391.0
1742110680000,0.17575,0.17575,0.17551,0.17559,178345.0
1742110740000,0.1756,0.17577,0.1756,0.17567,51659.0
1742110800000,0.17567,0.17577,0.17565,0.17574,123920.0
1742110860000,0.17575,0.17594,0.1757,0.17593,154053.0
1742110920000,0.17593,0.17596,0.17581,0.17586,342271.0
1742110980000,0.17586,0.17595,0.17586,0.17594,83958.0
1742111040000,0.17595,0.17595,0.17584,0.17587,49854.0
1742111100000,0.17588,0.17596,0.17581,0.17584,129865.0
1742111160000,0.17584,0.17588,0.17574,0.17585,84564.0
1742111220000,0.17585,0.17585,0.17566,0.17567,370571.0
1742111280000,0.17566,0.17567,0.17552,0.17555,370490.0
1742111340000,0.17555,0.17564,0.17555,0.17561,53989.0
1742111400000,0.1756,0.17562,0.17556,0.17556,25045.0
1742111460000,0.17556,0.17556,0.17541,0.17543,590946.0
1742111520000,0.17542,0.1755,0.17537,0.17548,321839.0
1742111580000,0.17548,0.17552,0.17541,0.17549,514265.0
1742111640000,0.17549,0.1756,0.17549,0.17555,69467.0
1742111700000,0.17554,0.17555,0.1755,0.17553,88778.0
1742111760000,0.17554,0.17556,0.17553,0.17554,43805.0
1742111820000,0.17554,0.17556,0.17547,0.17547,38070.0
1742111880000,0.17546,0.17546,0.17537,0.17545,281804.0
1742111940000,0.17546,0.17553,0.17546,0.17553,51772.0
1742112000000,0.17553,0.17559,0.1755,0.17554,293252.0
1742112060000,0.17554,0.17566,0.17543,0.17566,185752.0
1742112120000,0.17567,0.17574,0.17548,0.17548,104894.0
1742112180000,0.17547,0.17552,0.17547,0.17552,236171.0
1742112240000,0.17553,0.17553,0.17524,0.17525,188409.0
1742112300000,0.17524,0.17529,0.17518,0.17528,252308.0
1742112360000,0.17529,0.17529,0.17505,0.17518,344852.0
1742112420000,0.17519,0.1752,0.17501,0.17502,360392.0
1742112480000,0.17502,0.17513,0.175,0.17507,211329.0
1742112540000,0.17506,0.17507,0.17485,0.17487,179268.0
1742112600000,0.17488,0.17494,0.1748,0.17491,180184.0
1742112660000,0.17492,0.17496,0.17487,0.17488,271194.0
1742112720000,0.17488,0.17488,0.17469,0.17477,318904.0
1742112780000,0.17477,0.17491,0.17476,0.17488,163445.0
1742112840000,0.17488,0.17504,0.17485,0.17504,169449.0
1742112900000,0.17504,0.17505,0.17484,0.17484,107086.0
1742112960000,0.17483,0.17483,0.17475,0.17476,97325.0
1742113020000,0.17475,0.17479,0.17464,0.17464,236766.0
1742113080000,0.17464,0.17464,0.17432,0.17448,511049.0
1742113140000,0.17447,0.17448,0.17439,0.17444,138902.0
1742113200000,0.17444,0.17456,0.17437,0.17455,477447.0
1742113260000,0.17455,0.17471,0.17445,0.17468,309341.0
1742113320000,0.17467,0.17467,0.17455,0.17456,121274.0
1742113380000,0.17456,0.17457,0.17447,0.17448,215548.0
1742113440000,0.17447,0.17447,0.17436,0.17443,95273.0
1742113500000,0.17442,0.1745,0.17438,0.1745,112951.0
1742113560000,0.17449,0.17449,0.17433,0.17433,185235.0
1742113620000,0.17434,0.1745,0.1743,0.17448,213201.0
1742113680000,0.17447,0.17447,0.1744,0.17441,26556.0
1742113740000,0.17441,0.17442,0.17429,0.1744,240461.0
1742113800000,0.1744,0.17457,0.17437,0.17457,298052.0
1742113860000,0.17457,0.17474,0.17454,0.17463,204509.0
1742113920000,0.17463,0.17464,0.17446,0.1745,159236.0
1742113980000,0.17451,0.17475,0.17451,0.17469,89897.0
1742114040000,0.17468,0.17484,0.17468,0.17484,53719.0
1742114100000,0.17485,0.17492,0.17483,0.17492,47488.0
1742114160000,0.17491,0.17492,0.17467,0.17475,423907.0
1742114220000,0.17476,0.17477,0.17461,0.17461,61492.0
1742114280000,0.1746,0.17477,0.17459,0.17473,276733.0
1742114340000,0.17473,0.17475,0.17464,0.17464,103096.0
1742114400000,0.17464,0.17465,0.17452,0.17453,36649.0
1742114460000,0.17452,0.17462,0.17442,0.17459,305849.0
1742114520000,0.17459,0.17461,0.17456,0.1746,36694.0
1742114580000,0.17461,0.17466,0.17458,0.17466,80139.0
1742114640000,0.17466,0.17471,0.17455,0.17471,97994.0
1742114700000,0.17472,0.17485,0.17463,0.17485,86603.0
1742114760000,0.17485,0.17485,0.17471,0.17483,119188.0
1742114820000,0.17484,0.17491,0.1748,0.17491,38536.0
1742114880000,0.17492,0.17507,0.17492,0.17502,242724.0
1742114940000,0.17502,0.17506,0.17499,0.17499,101288.0
1742115000000,0.17499,0.17506,0.17495,0.17505,123668.0
1742115060000,0.17504,0.17505,0.17492,0.17504,76966.0
1742115120000,0.17504,0.17504,0.17482,0.17483,63495.0
1742115180000,0.17484,0.17489,0.17478,0.17489,71330.0
1742115240000,0.1749,0.1749,0.17483,0.17486,137314.0
1742115300000,0.17485,0.17489,0.17483,0.17486,42949.0
1742115360000,0.17486,0.17493,0.17485,0.17492,56536.0
1742115420000,0.17493,0.17493,0.1749,0.1749,77401.0
1742115480000,0.17491,0.17494,0.17489,0.17493,64099.0
1742115540000,0.17494,0.175,0.17487,0.17488,110133.0
1742115600000,0.17487,0.17499,0.17486,0.17486,202362.0
1742115660000,0.17486,0.1749,0.17465,0.17465,124598.0
1742115720000,0.17465,0.17472,0.17459,0.17459,179904.0
1742115780000,0.17459,0.17462,0.17447,0.17453,266367.0
1742115840000,0.17453,0.17453,0.17439,0.17439,74564.0
1742115900000,0.17439,0.17445,0.17439,0.17444,195640.0
1742115960000,0.17445,0.17446,0.17415,0.17417,262511.0
1742116020000,0.17417,0.1742,0.17399,0.17411,521355.0
1742116080000,0.17412,0.17414,0.17395,0.17395,362057.0
1742116140000,0.17394,0.17403,0.17391,0.17399,449900.0
1742116200000,0.17399,0.17399,0.17382,0.17396,482193.0
1742116260000,0.17396,0.17399,0.17388,0.17389,87558.0
1742116320000,0.17388,0.17398,0.17383,0.17398,188593.0
1742116380000,0.17398,0.17401,0.17397,0.17399,149702.0
1742116440000,0.17399,0.17413,0.17399,0.17403,133142.0
1742116500000,0.17404,0.17412,0.17396,0.17399,299087.0
1742116560000,0.17399,0.1741,0.17398,0.17408,39318.0
1742116620000,0.17409,0.17424,0.17398,0.17424,72067.0
1742116680000,0.17425,0.17428,0.17419,0.1742,90164.0
1742116740000,0.1742,0.1742,0.17383,0.17383,515609.0
1742116800000,0.17383,0.1739,0.17361,0.17373,948933.0
1742116860000,0.17373,0.17373,0.17354,0.17363,212006.0
1742116920000,0.17363,0.17372,0.17358,0.17369,113382.0
1742116980000,0.17369,0.17371,0.17363,0.17365,160696.0
1742117040000,0.17366,0.17388,0.17359,0.17383,229003.0
1742117100000,0.17384,0.1739,0.17362,0.17371,347208.0
1742117160000,0.1737,0.1737,0.17341,0.17355,431714.0
1742117220000,0.17355,0.17355,0.17304,0.17314,1867305.0
1742117280000,0.17313,0.17324,0.17307,0.17319,875945.0
1742117340000,0.17319,0.17335,0.17318,0.17318,1249455.0
1742117400000,0.17319,0.17348,0.17319,0.17346,107358.0
1742117460000,0.17345,0.17361,0.17338,0.1736,1171394.0
1742117520000,0.1736,0.17363,0.17327,0.17328,262964.0
1742117580000,0.17327,0.17335,0.17307,0.17334,676728.0
1742117640000,0.17335,0.1734,0.17326,0.17337,184574.0
1742117700000,0.17337,0.1734,0.17322,0.17322,2195661.0
1742117760000,0.17321,0.17322,0.17293,0.17293,5575006.0
1742117820000,0.17294,0.17294,0.17238,0.17249,8468679.0
1742117880000,0.17249,0.17249,0.17222,0.17233,2221631.0
1742117940000,0.17232,0.17253,0.17221,0.17247,683852.0
1742118000000,0.17248,0.17249,0.17209,0.17223,1498394.0
1742118060000,0.17223,0.17225,0.17206,0.17213,1401935.0
1742118120000,0.17212,0.17213,0.17178,0.17183,2013721.0
1742118180000,0.17183,0.17193,0.17159,0.17171,1334759.0
1742118240000,0.17172,0.17175,0.17155,0.17169,827710.0
1742118300000,0.1717,0.17196,0.17168,0.17196,351797.0
1742118360000,0.17197,0.17206,0.17189,0.17191,406051.0
1742118420000,0.17192,0.17205,0.17192,0.17203,128465.0
1742118480000,0.17204,0.17227,0.17204,0.17218,1060359.0
1742118540000,0.17218,0.17226,0.17212,0.17219,240643.0
1742118600000,0.17219,0.1722,0.17189,0.1719,1046751.0
1742118660000,0.17191,0.17217,0.17185,0.17217,427149.0
1742118720000,0.17217,0.17224,0.17199,0.17206,376231.0
1742118780000,0.17206,0.17216,0.17204,0.17208,154288.0
1742118840000,0.17209,0.17213,0.17202,0.17205,349571.0
1742118900000,0.17206,0.1721,0.17189,0.17189,280321.0
1742118960000,0.17189,0.17205,0.17188,0.17205,617551.0
1742119020000,0.17205,0.1723,0.17205,0.17226,167734.0
1742119080000,0.17226,0.17226,0.17211,0.17211,155793.0
1742119140000,0.17211,0.17221,0.1721,0.17221,74529.0
1742119200000,0.17222,0.17223,0.17201,0.17201,177691.0
1742119260000,0.17201,0.17216,0.17189,0.17202,239718.0
1742119320000,0.17202,0.17227,0.17195,0.17218,329275.0
1742119380000,0.17218,0.17246,0.17213,0.17244,174276.0
1742119440000,0.17244,0.17245,0.17235,0.17235,243765.0
1742119500000,0.17235,0.17257,0.17228,0.17254,696295.0
1742119560000,0.17254,0.17255,0.17228,0.17239,623009.0
1742119620000,0.1724,0.17242,0.17209,0.17215,445452.0
1742119680000,0.17216,0.17248,0.17216,0.17248,423240.0
1742119740000,0.17248,0.17265,0.17247,0.17257,4294093.0
1742119800000,0.17258,0.17261,0.17248,0.17254,620326.0
1742119860000,0.17255,0.17267,0.17253,0.17259,396069.0
1742119920000,0.17258,0.17258,0.17233,0.1724,681122.0
1742119980000,0.17241,0.17241,0.17228,0.17235,185567.0
1742120040000,0.17236,0.17254,0.17236,0.17254,503329.0
1742120100000,0.17254,0.17254,0.17219,0.17223,854092.0
1742120160000,0.17223,0.17236,0.1722,0.1722,144644.0
1742120220000,0.1722,0.1722,0.17208,0.17217,375097.0
1742120280000,0.17217,0.17228,0.17211,0.17216,212232.0
1742120340000,0.17216,0.17227,0.17215,0.17219,165172.0
1742120400000,0.17219,0.17219,0.17189,0.17198,436645.0
1742120460000,0.17197,0.17199,0.1718,0.17191,324576.0
1742120520000,0.17191,0.17196,0.17189,0.17193,645033.0
1742120580000,0.17193,0.17194,0.17177,0.17178,582683.0
1742120640000,0.17179,0.17185,0.17173,0.17174,472009.0
1742120700000,0.17175,0.17176,0.1715,0.17154,6165936.0
1742120760000,0.17154,0.17154,0.17132,0.17134,7179107.0
1742120820000,0.17134,0.17142,0.1709,0.1713,2689317.0
1742120880000,0.17131,0.17137,0.17104,0.17114,1777077.0
1742120940000,0.17114,0.17129,0.17113,0.17122,700369.0
1742121000000,0.17123,0.17138,0.17111,0.17128,1237810.0
1742121060000,0.17128,0.17128,0.17109,0.17113,431990.0
1742121120000,0.17113,0.17149,0.17113,0.17148,162436.0
1742121180000,0.17148,0.17148,0.17131,0.17131,378923.0
1742121240000,0.17131,0.17138,0.17127,0.17138,226210.0
1742121300000,0.17137,0.17139,0.17129,0.17133,337829.0
1742121360000,0.17134,0.17143,0.17115,0.17122,996590.0
1742121420000,0.17122,0.17141,0.17118,0.17137,362054.0
1742121480000,0.17137,0.17137,0.17121,0.17136,369959.0
1742121540000,0.17137,0.17143,0.17122,0.1714,665248.0
1742121600000,0.17141,0.17154,0.17135,0.17152,466988.0
1742121660000,0.17152,0.17157,0.1713,0.17138,348135.0
1742121720000,0.17139,0.17148,0.17132,0.17148,422933.0
1742121780000,0.17148,0.17152,0.17142,0.17152,207123.0
1742121840000,0.17151,0.17159,0.17144,0.17157,137935.0
1742121900000,0.17157,0.17158,0.17142,0.17142,237708.0
1742121960000,0.17142,0.17149,0.1713,0.17132,164742.0
1742122020000,0.17132,0.17158,0.17132,0.17158,238477.0
1742122080000,0.17158,0.17158,0.1714,0.17144,189591.0
1742122140000,0.17143,0.17143,0.1713,0.17132,148588.0
1742122200000,0.17131,0.17147,0.17126,0.17129,1324597.0
1742122260000,0.17129,0.17132,0.17103,0.17107,395218.0
1742122320000,0.17108,0.17125,0.17104,0.17123,248970.0
1742122380000,0.17122,0.17147,0.1712,0.17147,259243.0
1742122440000,0.17148,0.17152,0.17138,0.17139,909056.0
1742122500000,0.17139,0.17144,0.17132,0.17134,331072.0
1742122560000,0.17135,0.17138,0.17114,0.17116,293455.0
1742122620000,0.17116,0.17118,0.17113,0.17114,63447.0
1742122680000,0.17114,0.17119,0.17105,0.17117,230002.0
1742122740000,0.17117,0.17122,0.17116,0.17121,155074.0
1742122800000,0.1712,0.17123,0.17104,0.17109,1268521.0
1742122860000,0.17108,0.17109,0.17087,0.17108,1031642.0
1742122920000,0.17109,0.17125,0.17045,0.17051,1698697.0
1742122980000,0.1705,0.1707,0.1705,0.17068,1404910.0
1742123040000,0.17069,0.17071,0.1703,0.17033,644185.0
1742123100000,0.17033,0.17037,0.17016,0.17024,1669695.0
1742123160000,0.17024,0.17024,0.1696,0.1696,8114495.0
1742123220000,0.16961,0.16983,0.1696,0.16983,2035298.0
1742123280000,0.16982,0.17006,0.16975,0.17,1297647.0
1742123340000,0.17,0.17031,0.17,0.17023,820689.0
1742123400000,0.17022,0.17023,0.16997,0.1701,537586.0
1742123460000,0.17009,0.17011,0.16979,0.16984,780236.0
1742123520000,0.16985,0.17006,0.16961,0.17003,664475.0
1742123580000,0.17004,0.17006,0.16977,0.16996,472276.0
1742123640000,0.16997,0.17025,0.16994,0.17022,606708.0
1742123700000,0.17022,0.17022,0.16975,0.16985,1015001.0
1742123760000,0.16986,0.17015,0.16971,0.17006,1623234.0
1742123820000,0.17006,0.1701,0.16891,0.16907,5736336.0
1742123880000,0.16908,0.16943,0.16875,0.16928,2892356.0
1742123940000,0.16929,0.1697,0.16926,0.16969,955584.0
1742124000000,0.16968,0.16968,0.16884,0.16895,2629189.0
1742124060000,0.16894,0.169,0.16856,0.16867,1277440.0
1742124120000,0.16868,0.1688,0.16846,0.16863,2258149.0
1742124180000,0.16864,0.16877,0.16853,0.16875,716037.0
1742124240000,0.16875,0.16902,0.16872,0.16902,773695.0
1742124300000,0.16903,0.16915,0.16883,0.16895,656573.0
1742124360000,0.16896,0.16907,0.16873,0.16877,566136.0
1742124420000,0.16877,0.16888,0.16865,0.16868,925229.0
1742124480000,0.16868,0.16868,0.16853,0.16857,382135.0
1742124540000,0.16857,0.16886,0.16848,0.16878,921935.0
1742124600000,0.16877,0.16886,0.16838,0.16885,1282473.0
1742124660000,0.16884,0.16889,0.16864,0.16875,7564132.0
1742124720000,0.16874,0.16874,0.16787,0.16794,2520309.0
1742124780000,0.16795,0.1682,0.1679,0.16795,1092405.0
1742124840000,0.16794,0.16834,0.16792,0.16824,1312346.0
1742124900000,0.16824,0.1683,0.16786,0.16793,843801.0
1742124960000,0.16794,0.16804,0.16763,0.16763,832685.0
1742125020000,0.16762,0.16778,0.16745,0.16778,1567489.0
1742125080000,0.16778,0.168,0.16778,0.16792,637955.0
1742125140000,0.16791,0.16799,0.16744,0.16799,1188520.0
1742125200000,0.16799,0.16807,0.16782,0.16789,751171.0
1742125260000,0.16788,0.16817,0.16777,0.16794,915370.0
1742125320000,0.16795,0.16797,0.1675,0.16763,934067.0
1742125380000,0.16762,0.16788,0.16756,0.1676,1678182.0
1742125440000,0.16761,0.16786,0.16759,0.16763,502808.0
1742125500000,0.16763,0.16763,0.1671,0.16723,1583881.0
1742125560000,0.16725,0.16751,0.16719,0.16747,1334287.0
1742125620000,0.16748,0.16798,0.16745,0.16788,3315520.0
1742125680000,0.16788,0.1679,0.16773,0.16779,1271869.0
1742125740000,0.16778,0.16781,0.16754,0.16754,556696.0
1742125800000,0.16754,0.1676,0.1671,0.16711,1667217.0
1742125860000,0.16709,0.16716,0.16693,0.16709,2135518.0
1742125920000,0.1671,0.16713,0.16684,0.16688,908842.0
1742125980000,0.16687,0.1672,0.16687,0.1672,903053.0
1742126040000,0.1672,0.16723,0.16709,0.16719,459595.0
1742126100000,0.16718,0.16723,0.16708,0.16721,1551112.0
1742126160000,0.1672,0.16736,0.16705,0.16733,788750.0
1742126220000,0.16732,0.16784,0.16726,0.16766,934577.0
1742126280000,0.16765,0.16771,0.16751,0.16763,490528.0
1742126340000,0.16762,0.16765,0.16752,0.16756,272627.0
1742126400000,0.16756,0.16778,0.16749,0.16774,2169306.0
1742126460000,0.16775,0.16799,0.16762,0.16796,1398183.0
1742126520000,0.16796,0.16798,0.16771,0.16782,731399.0
1742126580000,0.16783,0.16786,0.16757,0.16782,761420.0
1742126640000,0.16782,0.16818,0.1678,0.16818,1585091.0
1742126700000,0.16819,0.16841,0.16808,0.16841,908521.0
1742126760000,0.16842,0.16842,0.16814,0.16815,1765220.0
1742126820000,0.16814,0.16828,0.16792,0.16828,1210241.0
1742126880000,0.16829,0.16851,0.16828,0.16844,387055.0
1742126940000,0.16844,0.16851,0.16831,0.16839,1302831.0
1742127000000,0.16838,0.16838,0.16808,0.16811,500381.0
1742127060000,0.16811,0.16842,0.16811,0.16814,1509920.0
1742127120000,0.16815,0.16821,0.16799,0.16799,391508.0
1742127180000,0.168,0.16832,0.16793,0.16828,401832.0
1742127240000,0.16827,0.16845,0.16811,0.16835,255351.0
1742127300000,0.16835,0.16845,0.16799,0.16799,1584759.0
1742127360000,0.16798,0.16798,0.16776,0.16785,982445.0
1742127420000,0.16786,0.16795,0.16759,0.16764,333005.0
1742127480000,0.16765,0.16779,0.16762,0.1677,2013525.0
1742127540000,0.1677,0.1677,0.16758,0.16766,1487306.0
1742127600000,0.16766,0.16785,0.16766,0.16785,275478.0
1742127660000,0.16785,0.16798,0.16776,0.1678,587857.0
1742127720000,0.1678,0.16797,0.16772,0.16797,693745.0
1742127780000,0.16798,0.1681,0.16797,0.16805,426819.0
1742127840000,0.16805,0.1682,0.16805,0.16815,282338.0
1742127900000,0.16815,0.16817,0.16801,0.16805,322745.0
1742127960000,0.16805,0.16841,0.16805,0.16841,987066.0
1742128020000,0.16842,0.16877,0.1684,0.1687,3026648.0
1742128080000,0.1687,0.16907,0.16857,0.16898,2030020.0
1742128140000,0.16899,0.16912,0.16872,0.16886,1572524.0
1742128200000,0.16886,0.16886,0.16845,0.16856,733701.0
1742128260000,0.16857,0.16865,0.16835,0.1685,2249492.0
1742128320000,0.16851,0.16859,0.16837,0.16853,642073.0
1742128380000,0.16852,0.16852,0.16837,0.1684,158405.0
1742128440000,0.1684,0.1686,0.16835,0.16846,378123.0
1742128500000,0.16847,0.16849,0.16833,0.16843,408736.0
1742128560000,0.16843,0.16856,0.16834,0.16841,445638.0
1742128620000,0.16842,0.16853,0.16828,0.16828,594898.0
1742128680000,0.16829,0.16832,0.16824,0.16826,402935.0
1742128740000,0.16826,0.1683,0.1682,0.16822,172896.0
1742128800000,0.16823,0.16834,0.16815,0.16834,2013938.0
1742128860000,0.16835,0.16845,0.1682,0.1682,1814065.0
1742128920000,0.1682,0.16834,0.16817,0.16826,421500.0
1742128980000,0.16827,0.16832,0.16818,0.16832,210039.0
1742129040000,0.16833,0.16839,0.16827,0.16839,99333.0
1742129100000,0.1684,0.16866,0.1684,0.16857,1211822.0
1742129160000,0.16857,0.16857,0.16839,0.16846,792554.0
1742129220000,0.16846,0.16847,0.16817,0.16819,445088.0
1742129280000,0.16819,0.16822,0.16805,0.16814,451974.0
1742129340000,0.16814,0.1683,0.16814,0.16827,101721.0
1742129400000,0.16828,0.1683,0.16797,0.16806,315148.0
1742129460000,0.16806,0.16813,0.1679,0.16813,1811948.0
1742129520000,0.16813,0.16817,0.16786,0.16795,851624.0
1742129580000,0.16796,0.16813,0.16794,0.16811,206369.0
1742129640000,0.1681,0.1681,0.16776,0.16793,714148.0
1742129700000,0.16794,0.16796,0.16781,0.16793,234099.0
1742129760000,0.16794,0.16813,0.16793,0.1681,1415320.0
1742129820000,0.1681,0.16835,0.16805,0.16825,159525.0
1742129880000,0.16826,0.16826,0.16809,0.1681,205097.0
1742129940000,0.16809,0.16811,0.16803,0.16803,1233272.0
1742130000000,0.16803,0.16816,0.16798,0.16815,296390.0
1742130060000,0.16816,0.16835,0.16815,0.16834,189802.0
1742130120000,0.16834,0.16851,0.16825,0.16851,363509.0
1742130180000,0.1685,0.16851,0.16838,0.16849,193312.0
1742130240000,0.16848,0.16885,0.16843,0.16861,1585777.0
1742130300000,0.16861,0.16861,0.16837,0.16853,262248.0
1742130360000,0.16853,0.16881,0.16851,0.1687,354339.0
1742130420000,0.1687,0.16881,0.1687,0.16871,181987.0
1742130480000,0.16871,0.16921,0.1687,0.16921,489743.0
1742130540000,0.16922,0.16927,0.16903,0.16922,614012.0
1742130600000,0.16921,0.16921,0.16894,0.16894,359044.0
1742130660000,0.16893,0.16893,0.16873,0.16876,272333.0
1742130720000,0.16876,0.16898,0.16874,0.16898,693381.0
1742130780000,0.16898,0.16904,0.16884,0.16885,477993.0
1742130840000,0.16884,0.16889,0.16878,0.16879,87973.0
1742130900000,0.1688,0.1688,0.16855,0.16869,757538.0
1742130960000,0.1687,0.1689,0.16869,0.16876,1401339.0
1742131020000,0.16876,0.16876,0.16855,0.16856,856051.0
1742131080000,0.16856,0.1687,0.16855,0.16868,608213.0
1742131140000,0.16867,0.16879,0.16859,0.16876,322623.0
1742131200000,0.16875,0.1688,0.1686,0.16875,275776.0
1742131260000,0.16876,0.16876,0.16851,0.16856,856385.0
1742131320000,0.16856,0.16861,0.16822,0.16828,307543.0
1742131380000,0.16828,0.16829,0.16792,0.16796,644400.0
1742131440000,0.16796,0.16812,0.16794,0.16802,598683.0
1742131500000,0.16801,0.16811,0.16792,0.1681,718197.0
1742131560000,0.16811,0.16827,0.16811,0.16817,695200.0
1742131620000,0.16817,0.16829,0.16812,0.16826,257746.0
1742131680000,0.16827,0.16844,0.16827,0.16844,132204.0
1742131740000,0.16843,0.16844,0.16828,0.16833,562236.0
1742131800000,0.16834,0.16843,0.16831,0.16831,166959.0
1742131860000,0.1683,0.1683,0.1681,0.16815,890995.0
1742131920000,0.16814,0.16821,0.16796,0.16821,256732.0
1742131980000,0.16822,0.16833,0.16819,0.16833,179627.0
1742132040000,0.16832,0.16849,0.16826,0.16848,93781.0
1742132100000,0.16848,0.16864,0.16848,0.16856,471162.0
1742132160000,0.16856,0.16858,0.16839,0.16841,347527.0
1742132220000,0.16841,0.16858,0.16839,0.16855,212949.0
1742132280000,0.16855,0.16855,0.16823,0.16828,94789.0
1742132340000,0.16829,0.16834,0.16818,0.16819,178801.0
1742132400000,0.16819,0.16819,0.16797,0.16803,1017162.0
1742132460000,0.16804,0.16807,0.16793,0.16795,105720.0
1742132520000,0.16795,0.16798,0.16788,0.16788,271042.0
1742132580000,0.16789,0.1679,0.16748,0.16748,1295985.0
1742132640000,0.16747,0.1675,0.16734,0.1675,1652533.0
1742132700000,0.16751,0.16762,0.167,0.16709,1765692.0
1742132760000,0.16709,0.16728,0.16703,0.16725,832352.0
1742132820000,0.16725,0.16725,0.16664,0.16678,1877089.0
1742132880000,0.16677,0.16677,0.1662,0.16639,2263321.0
1742132940000,0.1664,0.1666,0.16632,0.16652,756144.0
1742133000000,0.16651,0.16681,0.16646,0.1665,2232897.0
1742133060000,0.1665,0.16695,0.1665,0.16694,880968.0
1742133120000,0.16694,0.16697,0.16677,0.1669,328765.0
1742133180000,0.16689,0.16689,0.16663,0.16663,587538.0
1742133240000,0.16662,0.16662,0.16585,0.16597,2995022.0
1742133300000,0.16597,0.1661,0.1657,0.16607,1692829.0
1742133360000,0.16607,0.16621,0.16598,0.16618,802244.0
1742133420000,0.16618,0.16632,0.16616,0.16623,313056.0
1742133480000,0.16624,0.16633,0.16611,0.16622,555358.0
1742133540000,0.16622,0.16625,0.16614,0.16615,348124.0
1742133600000,0.16615,0.1665,0.16608,0.16646,957074.0
1742133660000,0.16646,0.16675,0.16642,0.16674,1853235.0
1742133720000,0.16673,0.16675,0.16653,0.16675,1447449.0
1742133780000,0.16675,0.16702,0.1666,0.16701,1251805.0
1742133840000,0.16701,0.16725,0.16698,0.16707,2205197.0
1742133900000,0.16706,0.16707,0.16681,0.16704,560849.0
1742133960000,0.16703,0.16716,0.16701,0.16711,336495.0
1742134020000,0.16711,0.16725,0.16709,0.16718,780956.0
1742134080000,0.16718,0.16718,0.16692,0.16694,362522.0
1742134140000,0.16693,0.167,0.16681,0.16688,226485.0
1742134200000,0.16687,0.16699,0.16669,0.16672,176392.0
1742134260000,0.16671,0.16698,0.1666,0.16694,749997.0
1742134320000,0.16695,0.16696,0.16653,0.16655,934030.0
1742134380000,0.16655,0.16674,0.16649,0.16664,329123.0
1742134440000,0.16664,0.16675,0.16655,0.1666,991769.0
1742134500000,0.16659,0.16674,0.16646,0.16661,933906.0
1742134560000,0.1666,0.1666,0.16625,0.16642,689496.0
1742134620000,0.16641,0.16645,0.16617,0.16643,338990.0
1742134680000,0.16644,0.16685,0.16636,0.16681,213599.0
1742134740000,0.1668,0.1669,0.16677,0.1669,240929.0
1742134800000,0.16689,0.16708,0.1668,0.16704,783459.0
1742134860000,0.16704,0.16707,0.1669,0.16706,174595.0
1742134920000,0.16706,0.16715,0.16695,0.16712,220115.0
1742134980000,0.16713,0.16733,0.16709,0.16733,165310.0
1742135040000,0.16732,0.16734,0.16721,0.16724,282384.0
1742135100000,0.16724,0.1673,0.16723,0.1673,43261.0
1742135160000,0.16729,0.16729,0.16708,0.16727,195657.0
1742135220000,0.16726,0.16736,0.16718,0.1673,281403.0
1742135280000,0.1673,0.16733,0.16717,0.16719,175916.0
1742135340000,0.16719,0.16732,0.16717,0.16725,294921.0
1742135400000,0.16725,0.16732,0.16704,0.16717,268268.0
1742135460000,0.16716,0.16716,0.16696,0.16702,390756.0
1742135520000,0.16702,0.16702,0.16664,0.16664,530562.0
1742135580000,0.16664,0.16664,0.16631,0.16649,385405.0
1742135640000,0.16649,0.16681,0.16643,0.16673,294708.0
1742135700000,0.16672,0.16678,0.16667,0.16675,378385.0
1742135760000,0.16674,0.1669,0.16667,0.16687,309673.0
1742135820000,0.16688,0.16708,0.16683,0.16706,100095.0
1742135880000,0.16707,0.16727,0.16706,0.16724,441551.0
1742135940000,0.16724,0.16729,0.167,0.1671,2806812.0
1742136000000,0.1671,0.1671,0.16693,0.16696,279915.0
1742136060000,0.16697,0.16712,0.16697,0.16708,128794.0
1742136120000,0.16708,0.16725,0.16699,0.1672,138782.0
1742136180000,0.16719,0.16733,0.16716,0.16717,212507.0
1742136240000,0.16717,0.16718,0.16702,0.16706,145734.0
1742136300000,0.16706,0.16717,0.16697,0.16716,360372.0
1742136360000,0.16716,0.16728,0.16696,0.16702,369326.0
1742136420000,0.16701,0.16707,0.16694,0.16694,158632.0
1742136480000,0.16694,0.16709,0.16686,0.16696,3212931.0
1742136540000,0.16697,0.16737,0.16697,0.16737,1332966.0
1742136600000,0.16738,0.16818,0.16738,0.16812,2550265.0
1742136660000,0.16812,0.16815,0.1678,0.16787,790570.0
1742136720000,0.16787,0.16796,0.16781,0.16781,879542.0
1742136780000,0.16782,0.16797,0.1678,0.16797,343369.0
1742136840000,0.16796,0.16806,0.16787,0.16806,150984.0
1742136900000,0.16805,0.16805,0.16787,0.16793,180359.0
1742136960000,0.16793,0.16862,0.16793,0.16849,2573990.0
1742137020000,0.16849,0.16853,0.16829,0.16834,543578.0
1742137080000,0.16833,0.16844,0.16827,0.16843,459727.0
1742137140000,0.16843,0.16867,0.16842,0.16862,2444553.0
1742137200000,0.16862,0.16874,0.16835,0.16835,1620721.0
1742137260000,0.16834,0.16836,0.16812,0.16817,293524.0
1742137320000,0.16817,0.16826,0.16802,0.16817,947432.0
1742137380000,0.16818,0.16902,0.16817,0.16892,1278500.0
1742137440000,0.16893,0.16893,0.16838,0.16838,335262.0
1742137500000,0.16839,0.1684,0.16808,0.16817,684443.0
1742137560000,0.16816,0.16834,0.16802,0.16819,1751887.0
1742137620000,0.1682,0.16855,0.1682,0.16832,322521.0
1742137680000,0.16833,0.16837,0.16811,0.16811,463716.0
1742137740000,0.16812,0.16836,0.16808,0.16835,384412.0
1742137800000,0.16836,0.16837,0.16818,0.16825,508229.0
1742137860000,0.16825,0.16825,0.16802,0.16805,1419190.0
1742137920000,0.16804,0.16817,0.16801,0.16812,530567.0
1742137980000,0.16812,0.16818,0.16802,0.16816,226265.0
1742138040000,0.16815,0.1683,0.16806,0.16806,247112.0
1742138100000,0.16806,0.16815,0.16774,0.16775,508915.0
1742138160000,0.16774,0.16778,0.16753,0.16755,360800.0
1742138220000,0.16756,0.16779,0.16753,0.16754,369385.0
1742138280000,0.16755,0.1677,0.16749,0.16768,359217.0
1742138340000,0.16769,0.16786,0.16768,0.1677,332226.0
1742138400000,0.1677,0.1677,0.16754,0.16754,711966.0
1742138460000,0.16753,0.16764,0.16736,0.16764,249041.0
1742138520000,0.16764,0.16781,0.16764,0.16778,106534.0
1742138580000,0.16778,0.16788,0.16777,0.16786,90604.0
1742138640000,0.16786,0.16786,0.16758,0.16758,152014.0
1742138700000,0.16758,0.16775,0.16753,0.16775,116153.0
1742138760000,0.16774,0.16783,0.16748,0.16764,435928.0
1742138820000,0.16763,0.16768,0.16758,0.16762,347218.0
1742138880000,0.16763,0.16774,0.16755,0.16759,167077.0
1742138940000,0.16759,0.16766,0.16754,0.16758,75160.0
1742139000000,0.16758,0.16766,0.16733,0.16766,420801.0
1742139060000,0.16765,0.16771,0.16738,0.16738,247668.0
1742139120000,0.16737,0.16756,0.16714,0.16754,287472.0
1742139180000,0.16754,0.16793,0.16752,0.16785,779204.0
1742139240000,0.16784,0.16811,0.16784,0.16811,916729.0
1742139300000,0.16811,0.16833,0.168,0.16831,1062131.0
1742139360000,0.16831,0.16844,0.16809,0.16809,232552.0
1742139420000,0.16809,0.16825,0.16801,0.16825,678969.0
1742139480000,0.16826,0.16836,0.16805,0.1681,390759.0
1742139540000,0.1681,0.1681,0.16791,0.16792,302018.0
1742139600000,0.16791,0.16806,0.16787,0.16799,349890.0
1742139660000,0.16799,0.1682,0.16794,0.16809,218822.0
1742139720000,0.16808,0.16812,0.16792,0.168,306022.0
1742139780000,0.16799,0.16826,0.16796,0.16821,386855.0
1742139840000,0.1682,0.1683,0.16796,0.168,1247134.0
1742139900000,0.16799,0.16809,0.16781,0.16806,303534.0
1742139960000,0.16807,0.16822,0.16807,0.16819,213643.0
1742140020000,0.16819,0.16823,0.16791,0.16791,324571.0
1742140080000,0.1679,0.16812,0.16789,0.16804,146681.0
1742140140000,0.16805,0.16813,0.168,0.16806,221617.0
1742140200000,0.16805,0.16805,0.16787,0.16797,372224.0
1742140260000,0.16797,0.1681,0.16794,0.16799,110546.0
1742140320000,0.168,0.16811,0.16792,0.16797,121837.0
1742140380000,0.16797,0.16818,0.16794,0.16818,81961.0
1742140440000,0.16818,0.16842,0.16817,0.16837,161564.0
1742140500000,0.16837,0.1685,0.16833,0.16835,517119.0
1742140560000,0.16835,0.16841,0.16827,0.16832,125179.0
1742140620000,0.16832,0.16843,0.16826,0.16835,132672.0
1742140680000,0.16836,0.16836,0.16824,0.16826,133469.0
1742140740000,0.16825,0.16825,0.16816,0.16817,105699.0
1742140800000,0.16816,0.16818,0.168,0.16811,636673.0
1742140860000,0.1681,0.16836,0.16806,0.16836,113374.0
1742140920000,0.16837,0.16867,0.16837,0.16867,785717.0
1742140980000,0.16867,0.16878,0.16855,0.16875,544149.0
1742141040000,0.16874,0.16883,0.16868,0.1687,342908.0
1742141100000,0.1687,0.16925,0.1687,0.16923,841633.0
1742141160000,0.16922,0.16933,0.1692,0.16928,602768.0
1742141220000,0.16928,0.17011,0.16928,0.1698,3847575.0
1742141280000,0.16981,0.17163,0.1698,0.17137,14103699.0
1742141340000,0.17137,0.17214,0.17087,0.17101,9742903.0
1742141400000,0.17102,0.17107,0.17048,0.17053,4244776.0
1742141460000,0.17052,0.17079,0.16997,0.17061,4873386.0
1742141520000,0.17062,0.17063,0.17027,0.17027,1209650.0
1742141580000,0.17027,0.17052,0.17002,0.17052,1988242.0
1742141640000,0.17051,0.1707,0.17023,0.17031,1392436.0
1742141700000,0.17031,0.17033,0.16992,0.17022,987162.0
1742141760000,0.17021,0.17134,0.17016,0.17093,2370840.0
1742141820000,0.17094,0.17141,0.17094,0.17132,1529942.0
1742141880000,0.17131,0.17168,0.17117,0.17118,1594270.0
1742141940000,0.17117,0.17147,0.17091,0.17098,1042339.0
1742142000000,0.17098,0.17129,0.17077,0.17086,822002.0
1742142060000,0.17087,0.17101,0.17068,0.17094,1013299.0
1742142120000,0.17094,0.17112,0.1708,0.17089,827799.0
1742142180000,0.1709,0.17129,0.1709,0.17127,1281151.0
1742142240000,0.17127,0.17194,0.17127,0.17168,1670382.0
1742142300000,0.17169,0.17172,0.17135,0.17141,1581925.0
1742142360000,0.17142,0.17154,0.17117,0.17149,701267.0
1742142420000,0.1715,0.17159,0.17127,0.17158,424364.0
1742142480000,0.17159,0.17213,0.17159,0.17198,1567386.0
1742142540000,0.17199,0.17213,0.17175,0.17179,747870.0
1742142600000,0.1718,0.17203,0.17166,0.17199,635039.0
1742142660000,0.17199,0.17206,0.17167,0.17174,785262.0
1742142720000,0.17173,0.1723,0.17159,0.17159,1467251.0
1742142780000,0.17159,0.17169,0.17098,0.17111,1434177.0
1742142840000,0.1711,0.17114,0.17053,0.17067,2901759.0
1742142900000,0.17068,0.17109,0.17062,0.17102,1675216.0
1742142960000,0.17102,0.1715,0.17094,0.17149,2297121.0
1742143020000,0.1715,0.17154,0.1712,0.17137,1064478.0
1742143080000,0.17136,0.17148,0.17098,0.17106,1327979.0
1742143140000,0.17107,0.17126,0.171,0.1712,552972.0
1742143200000,0.1712,0.17134,0.17112,0.17113,289464.0
1742143260000,0.17113,0.17166,0.17113,0.17163,346970.0
1742143320000,0.17162,0.17162,0.17133,0.17136,191670.0
1742143380000,0.17135,0.17135,0.17104,0.17111,393673.0
1742143440000,0.17112,0.17114,0.17092,0.17092,220522.0
1742143500000,0.17091,0.17112,0.17086,0.17112,364269.0
1742143560000,0.17113,0.17124,0.17086,0.17089,395594.0
1742143620000,0.1709,0.17096,0.17064,0.17081,327001.0
1742143680000,0.1708,0.17093,0.17054,0.17057,246015.0
1742143740000,0.17057,0.17057,0.17036,0.17039,598942.0
1742143800000,0.17038,0.17051,0.17032,0.17043,333314.0
1742143860000,0.17044,0.17062,0.17044,0.17055,335332.0
1742143920000,0.17054,0.17066,0.17042,0.17042,499148.0
1742143980000,0.17041,0.17041,0.16987,0.16989,777904.0
1742144040000,0.16988,0.17005,0.16986,0.16986,658694.0
1742144100000,0.16986,0.17006,0.1698,0.17003,444917.0
1742144160000,0.17004,0.1701,0.16995,0.17001,222051.0
1742144220000,0.17002,0.1701,0.16976,0.16976,277854.0
1742144280000,0.16975,0.1698,0.16935,0.16953,1496248.0
1742144340000,0.16953,0.16984,0.16952,0.16982,388273.0
1742144400000,0.16982,0.16997,0.16978,0.1699,460658.0
1742144460000,0.16991,0.17011,0.16988,0.17008,604962.0
1742144520000,0.17008,0.17022,0.17003,0.17003,211982.0
1742144580000,0.17004,0.17026,0.16996,0.17026,276075.0
1742144640000,0.17027,0.17078,0.17027,0.17052,510532.0
1742144700000,0.17052,0.17072,0.17051,0.17053,279089.0
1742144760000,0.17053,0.17072,0.17037,0.17039,292380.0
1742144820000,0.17038,0.17074,0.17038,0.17067,250538.0
1742144880000,0.17067,0.17078,0.17065,0.17075,115639.0
1742144940000,0.17075,0.17095,0.17066,0.17066,221723.0
1742145000000,0.17067,0.17068,0.17024,0.17041,421245.0
1742145060000,0.17042,0.17047,0.1703,0.17041,388710.0
1742145120000,0.17042,0.17042,0.17029,0.17031,139154.0
1742145180000,0.1703,0.17051,0.17018,0.17043,158129.0
1742145240000,0.17043,0.17052,0.17029,0.17035,217248.0
1742145300000,0.17036,0.17055,0.17032,0.1704,105056.0
1742145360000,0.17039,0.17048,0.17024,0.17043,115950.0
1742145420000,0.17043,0.17061,0.17042,0.17059,322930.0
1742145480000,0.17059,0.1706,0.17024,0.17025,162094.0
1742145540000,0.17025,0.1704,0.17023,0.17036,108919.0
1742145600000,0.17037,0.17038,0.1702,0.1702,78967.0
1742145660000,0.17019,0.17019,0.16998,0.17016,195819.0
1742145720000,0.17016,0.17016,0.16989,0.16989,96187.0
1742145780000,0.16988,0.16988,0.16976,0.16977,272472.0
1742145840000,0.16977,0.16989,0.16965,0.16989,546611.0
1742145900000,0.1699,0.16994,0.16974,0.16982,117072.0
1742145960000,0.16982,0.16982,0.16957,0.16969,163395.0
1742146020000,0.1697,0.1697,0.16954,0.16955,510855.0
1742146080000,0.16954,0.16954,0.16929,0.16937,1161862.0
1742146140000,0.16937,0.16938,0.16928,0.16937,76797.0
1742146200000,0.16938,0.16942,0.16903,0.16941,1095354.0
1742146260000,0.1694,0.16966,0.16936,0.16962,162966.0
1742146320000,0.16961,0.16961,0.16944,0.16958,130639.0
1742146380000,0.16957,0.16957,0.1693,0.16957,237297.0
1742146440000,0.16956,0.16956,0.16942,0.16945,158455.0
1742146500000,0.16945,0.16975,0.16943,0.1697,264187.0
1742146560000,0.1697,0.16982,0.16964,0.16977,423100.0
1742146620000,0.16976,0.16985,0.16966,0.16967,75085.0
1742146680000,0.16967,0.16981,0.16965,0.16979,53066.0
1742146740000,0.16979,0.17005,0.16976,0.17004,96971.0
1742146800000,0.17005,0.17008,0.16987,0.16987,166265.0
1742146860000,0.16987,0.17003,0.16986,0.17003,79615.0
1742146920000,0.17003,0.17003,0.16983,0.16992,136677.0
1742146980000,0.16992,0.17,0.16992,0.16999,41206.0
1742147040000,0.16999,0.16999,0.1698,0.1698,200734.0
1742147100000,0.1698,0.16994,0.16978,0.16994,237462.0
1742147160000,0.16994,0.16994,0.16956,0.16957,137030.0
1742147220000,0.16956,0.16956,0.16925,0.16929,2314844.0
1742147280000,0.16929,0.16948,0.16914,0.16947,287109.0
1742147340000,0.16947,0.1697,0.16947,0.16969,353630.0
1742147400000,0.16969,0.17,0.16965,0.17,172856.0
1742147460000,0.17,0.17018,0.16999,0.17016,101337.0
1742147520000,0.17015,0.17027,0.17012,0.17025,181761.0
1742147580000,0.17026,0.1703,0.17017,0.17029,893614.0
1742147640000,0.17029,0.17029,0.17018,0.17026,63276.0
1742147700000,0.17026,0.17051,0.17021,0.17048,424628.0
1742147760000,0.17048,0.17068,0.17046,0.1706,491499.0
1742147820000,0.1706,0.1708,0.17059,0.17075,280126.0
1742147880000,0.17074,0.17074,0.1704,0.17048,140677.0
1742147940000,0.17048,0.17073,0.17048,0.17072,307857.0
1742148000000,0.17072,0.17082,0.17064,0.17078,205624.0
1742148060000,0.17077,0.17077,0.17055,0.17057,155111.0
1742148120000,0.17057,0.17073,0.17048,0.17048,673091.0
1742148180000,0.17049,0.17063,0.17047,0.17052,138769.0
1742148240000,0.17051,0.17056,0.17037,0.17037,127526.0
1742148300000,0.17038,0.17044,0.17005,0.17006,545657.0
1742148360000,0.17006,0.17009,0.16975,0.16999,302117.0
1742148420000,0.16998,0.17014,0.16983,0.17013,592930.0
1742148480000,0.17012,0.17012,0.16985,0.17003,145502.0
1742148540000,0.17004,0.17049,0.16997,0.17049,857414.0
1742148600000,0.17049,0.17069,0.17033,0.17068,255857.0
1742148660000,0.17067,0.17112,0.17067,0.17111,889933.0
1742148720000,0.17112,0.17134,0.17096,0.17111,758734.0
1742148780000,0.17111,0.17122,0.17106,0.1711,787921.0
1742148840000,0.1711,0.17121,0.17107,0.17113,198138.0
1742148900000,0.17112,0.17112,0.17099,0.17103,405577.0
1742148960000,0.17104,0.17122,0.17101,0.17118,398373.0
1742149020000,0.17119,0.17147,0.17111,0.17144,591426.0
1742149080000,0.17144,0.17178,0.17143,0.17158,1791427.0
1742149140000,0.17159,0.17219,0.17145,0.1721,1964209.0
1742149200000,0.17211,0.17229,0.1716,0.1716,2479969.0
1742149260000,0.17159,0.172,0.17157,0.17161,458716.0
1742149320000,0.17161,0.17161,0.17127,0.17134,1399099.0
1742149380000,0.17134,0.17162,0.17134,0.17149,519223.0
1742149440000,0.17148,0.17163,0.17136,0.17139,222914.0
1742149500000,0.1714,0.17141,0.17125,0.17138,175568.0
1742149560000,0.17139,0.1717,0.17139,0.17163,303201.0
1742149620000,0.17162,0.17168,0.17156,0.1716,278674.0
1742149680000,0.1716,0.17165,0.17146,0.1715,631958.0
1742149740000,0.1715,0.17156,0.17144,0.17145,296595.0
1742149800000,0.17145,0.17174,0.1714,0.17171,413268.0
1742149860000,0.1717,0.17171,0.17148,0.17166,499988.0
1742149920000,0.17166,0.17174,0.17136,0.17143,206279.0
1742149980000,0.17144,0.17168,0.17126,0.17136,1346881.0
1742150040000,0.17136,0.17142,0.17115,0.17125,363317.0
1742150100000,0.17125,0.17127,0.17097,0.17098,204634.0
1742150160000,0.17098,0.17118,0.17086,0.17118,278581.0
1742150220000,0.17119,0.17152,0.17114,0.17152,117716.0
1742150280000,0.17153,0.17209,0.17152,0.17183,563451.0
1742150340000,0.17184,0.17192,0.17149,0.1715,285271.0
1742150400000,0.1715,0.17161,0.17147,0.17155,153297.0
1742150460000,0.17156,0.17158,0.17143,0.17147,223472.0
1742150520000,0.17147,0.17147,0.17123,0.17123,271617.0
1742150580000,0.17123,0.17142,0.17119,0.17125,327931.0
1742150640000,0.17125,0.17136,0.17123,0.17123,195756.0
1742150700000,0.17122,0.17122,0.17096,0.17096,914296.0
1742150760000,0.17096,0.17097,0.17078,0.17092,493590.0
1742150820000,0.17091,0.17107,0.17081,0.17107,207525.0
1742150880000,0.17108,0.17115,0.17071,0.17081,226879.0
1742150940000,0.17081,0.17082,0.17065,0.17079,158141.0
1742151000000,0.17078,0.17104,0.17067,0.17069,520674.0
1742151060000,0.1707,0.17075,0.17042,0.17053,383043.0
1742151120000,0.17053,0.1707,0.17052,0.1707,166742.0
1742151180000,0.17071,0.1709,0.17064,0.17078,242183.0
1742151240000,0.17077,0.17077,0.17058,0.17059,151384.0
1742151300000,0.17059,0.17078,0.17051,0.17078,371223.0
1742151360000,0.17079,0.17095,0.17073,0.17089,279099.0
1742151420000,0.17089,0.1709,0.17076,0.17078,99166.0
1742151480000,0.17077,0.17084,0.17075,0.17081,112246.0
1742151540000,0.1708,0.17089,0.17078,0.17086,127770.0
1742151600000,0.17085,0.17093,0.17069,0.17069,409425.0
1742151660000,0.17069,0.1709,0.17061,0.17074,446269.0
1742151720000,0.17075,0.17084,0.17043,0.17056,260626.0
1742151780000,0.17057,0.17072,0.17038,0.1705,251805.0
1742151840000,0.17049,0.17049,0.17007,0.17009,607165.0
1742151900000,0.17009,0.17035,0.17005,0.17026,379683.0
1742151960000,0.17026,0.17046,0.17021,0.17046,87260.0
1742152020000,0.17047,0.17052,0.17025,0.17025,188402.0
1742152080000,0.17025,0.17025,0.16992,0.1701,417685.0
1742152140000,0.1701,0.17014,0.16999,0.17011,215516.0
1742152200000,0.17011,0.17026,0.17011,0.17017,127244.0
1742152260000,0.17016,0.17016,0.16975,0.16991,621482.0
1742152320000,0.1699,0.16996,0.16962,0.16973,318971.0
1742152380000,0.16973,0.16981,0.16916,0.16925,2962891.0
1742152440000,0.16924,0.16957,0.16898,0.16934,2014935.0
1742152500000,0.16933,0.16945,0.1689,0.16897,1511985.0
1742152560000,0.16897,0.16915,0.16836,0.1684,3108885.0
1742152620000,0.1684,0.16864,0.16762,0.16801,8302602.0
1742152680000,0.16801,0.16821,0.16747,0.16764,1832888.0
1742152740000,0.16763,0.16797,0.16753,0.16793,1355667.0
1742152800000,0.16792,0.16824,0.16782,0.168,1433416.0
1742152860000,0.168,0.16809,0.16775,0.16807,1131322.0
1742152920000,0.16807,0.16825,0.1677,0.16825,613485.0
1742152980000,0.16825,0.16863,0.16824,0.16846,387453.0
1742153040000,0.16847,0.16877,0.16844,0.16871,526203.0
1742153100000,0.16871,0.16892,0.16858,0.16891,1271668.0
1742153160000,0.16891,0.16917,0.16884,0.16917,409102.0
1742153220000,0.16917,0.16921,0.16896,0.16902,373572.0
1742153280000,0.16902,0.1691,0.16892,0.169,290165.0
1742153340000,0.16899,0.16901,0.16885,0.1689,258196.0
1742153400000,0.1689,0.169,0.16884,0.16888,268667.0
1742153460000,0.16887,0.16887,0.16828,0.16837,519356.0
1742153520000,0.16836,0.16863,0.16832,0.16854,159029.0
1742153580000,0.16854,0.16866,0.16845,0.16847,247322.0
1742153640000,0.16848,0.16855,0.16815,0.16835,502520.0
1742153700000,0.16835,0.1685,0.16796,0.16799,229644.0
1742153760000,0.16799,0.16813,0.1679,0.1681,654203.0
1742153820000,0.16811,0.16846,0.1681,0.16845,219989.0
1742153880000,0.16845,0.16846,0.1683,0.16841,71079.0
1742153940000,0.16841,0.16878,0.16835,0.16874,192167.0
1742154000000,0.16874,0.16887,0.16868,0.16868,318866.0
1742154060000,0.16869,0.16886,0.16867,0.16875,311440.0
1742154120000,0.16876,0.16896,0.1687,0.1689,433778.0
1742154180000,0.1689,0.16897,0.16875,0.16876,305988.0
1742154240000,0.16876,0.16881,0.16874,0.16877,49593.0
1742154300000,0.16877,0.169,0.1686,0.16869,713767.0
1742154360000,0.1687,0.16887,0.1687,0.16885,592062.0
1742154420000,0.16884,0.16901,0.16862,0.16863,185813.0
1742154480000,0.16863,0.16864,0.16826,0.16845,259175.0
1742154540000,0.16846,0.16847,0.16814,0.16827,489195.0
1742154600000,0.16826,0.16847,0.16816,0.16827,1692575.0
1742154660000,0.16827,0.16827,0.16809,0.16824,90783.0
1742154720000,0.16824,0.16858,0.16824,0.16855,210569.0
1742154780000,0.16856,0.16862,0.16853,0.16858,213367.0
1742154840000,0.16859,0.16874,0.16859,0.16866,121703.0
1742154900000,0.16867,0.16868,0.16833,0.16838,154356.0
1742154960000,0.16839,0.16839,0.16827,0.16835,319796.0
1742155020000,0.16835,0.16837,0.16801,0.16814,141014.0
1742155080000,0.16814,0.1682,0.16811,0.16817,137251.0
1742155140000,0.16817,0.16836,0.16817,0.16831,157643.0
1742155200000,0.16832,0.16871,0.16822,0.16859,698065.0
1742155260000,0.16859,0.16862,0.16813,0.16814,657825.0
1742155320000,0.16814,0.16842,0.16807,0.16837,301329.0
1742155380000,0.16838,0.16875,0.16833,0.16868,272461.0
1742155440000,0.16868,0.16882,0.16861,0.16864,520586.0
1742155500000,0.16865,0.16896,0.16864,0.16891,278399.0
1742155560000,0.16892,0.16894,0.16866,0.16869,222574.0
1742155620000,0.16869,0.16902,0.16866,0.169,193568.0
1742155680000,0.16901,0.16907,0.16881,0.16886,139915.0
1742155740000,0.16886,0.16905,0.16886,0.16903,78959.0
1742155800000,0.16903,0.16931,0.16902,0.16923,318181.0
1742155860000,0.16923,0.16923,0.16888,0.16889,694850.0
1742155920000,0.1689,0.169,0.16875,0.16881,598355.0
1742155980000,0.16881,0.169,0.16879,0.16896,108584.0
1742156040000,0.16896,0.1692,0.16896,0.16911,64911.0
1742156100000,0.16911,0.16932,0.16901,0.1693,495584.0
1742156160000,0.1693,0.16946,0.16908,0.16908,1155016.0
1742156220000,0.16909,0.16923,0.16903,0.16905,120679.0
1742156280000,0.16905,0.16911,0.16881,0.16882,112416.0
1742156340000,0.16882,0.16895,0.16882,0.16883,59771.0
1742156400000,0.16882,0.16883,0.16873,0.16882,98670.0
1742156460000,0.16881,0.16888,0.16878,0.16885,75988.0
1742156520000,0.16885,0.16891,0.16881,0.1689,131114.0
1742156580000,0.1689,0.16893,0.16864,0.16865,203940.0
1742156640000,0.16866,0.1688,0.16866,0.1688,89684.0
1742156700000,0.16879,0.16879,0.16865,0.16866,138822.0
1742156760000,0.16867,0.16868,0.16848,0.1686,218826.0
1742156820000,0.16861,0.16864,0.16842,0.16856,1434829.0
1742156880000,0.16855,0.16863,0.16842,0.16848,567018.0
1742156940000,0.16848,0.1686,0.16848,0.16851,135607.0
1742157000000,0.1685,0.16867,0.1685,0.16851,61692.0
1742157060000,0.16852,0.16866,0.16844,0.16855,183294.0
1742157120000,0.16854,0.16859,0.16834,0.16859,121519.0
1742157180000,0.1686,0.16876,0.16858,0.16866,186775.0
1742157240000,0.16865,0.16886,0.16855,0.16886,129971.0
1742157300000,0.16885,0.1689,0.1688,0.16883,27500.0
1742157360000,0.16884,0.16887,0.16871,0.16886,215856.0
1742157420000,0.16887,0.16914,0.16887,0.16909,254362.0
1742157480000,0.1691,0.16919,0.16902,0.16902,278285.0
1742157540000,0.16901,0.1692,0.16898,0.16919,37679.0
1742157600000,0.16919,0.16919,0.16905,0.16905,34720.0
1742157660000,0.16906,0.16908,0.16893,0.16896,69639.0
1742157720000,0.16896,0.169,0.1689,0.16891,51084.0
1742157780000,0.1689,0.16902,0.16884,0.16896,64788.0
1742157840000,0.16897,0.16911,0.16897,0.16905,52397.0
1742157900000,0.16905,0.16915,0.16875,0.16875,251288.0
1742157960000,0.16874,0.16877,0.16829,0.16831,375872.0
1742158020000,0.16832,0.16838,0.16825,0.16832,133441.0
1742158080000,0.16832,0.16845,0.16832,0.16845,78696.0
1742158140000,0.16846,0.16862,0.16842,0.16862,81002.0
1742158200000,0.16863,0.16876,0.1686,0.16864,309498.0
1742158260000,0.16864,0.16866,0.16853,0.16856,181791.0
1742158320000,0.16857,0.16871,0.16855,0.16871,36612.0
1742158380000,0.16871,0.16873,0.16862,0.16871,18890.0
1742158440000,0.16872,0.16895,0.16872,0.16893,91675.0
1742158500000,0.16893,0.16895,0.16883,0.16889,118886.0
1742158560000,0.16889,0.16906,0.16889,0.16903,136642.0
1742158620000,0.16903,0.16905,0.169,0.16902,242144.0
1742158680000,0.16903,0.16915,0.16893,0.16915,124440.0
1742158740000,0.16916,0.16927,0.16916,0.16918,204463.0
1742158800000,0.16917,0.16925,0.16906,0.16906,173903.0
1742158860000,0.16907,0.16922,0.16902,0.16903,941249.0
1742158920000,0.16904,0.16911,0.1689,0.16903,113169.0
1742158980000,0.16903,0.16919,0.16902,0.16906,135531.0
1742159040000,0.16905,0.16915,0.16902,0.16907,127799.0
1742159100000,0.16906,0.16932,0.16903,0.16904,130398.0
1742159160000,0.16904,0.16928,0.16904,0.16904,184936.0
1742159220000,0.16905,0.1693,0.16905,0.16929,347285.0
1742159280000,0.16929,0.16947,0.16927,0.16945,82839.0
1742159340000,0.16944,0.16947,0.16936,0.16945,433899.0
1742159400000,0.16944,0.16944,0.16913,0.16913,147718.0
1742159460000,0.16914,0.1692,0.16887,0.16894,159882.0
1742159520000,0.16894,0.16895,0.16878,0.16878,49596.0
1742159580000,0.16879,0.16891,0.16864,0.16864,151865.0
1742159640000,0.16864,0.16883,0.1686,0.16883,217950.0
1742159700000,0.16883,0.16885,0.16866,0.16873,246960.0
1742159760000,0.16874,0.16881,0.16864,0.16874,321801.0
1742159820000,0.16877,0.16899,0.16876,0.16897,91450.0
1742159880000,0.16899,0.16916,0.16891,0.16916,408134.0
1742159940000,0.16917,0.16923,0.16916,0.16918,89581.0
1742160000000,0.16917,0.16917,0.16907,0.16913,44883.0
1742160060000,0.16913,0.16914,0.16896,0.16897,263255.0
1742160120000,0.16897,0.16897,0.16894,0.16896,113867.0
1742160180000,0.16896,0.16906,0.16896,0.16901,181656.0
1742160240000,0.16901,0.16906,0.16901,0.16904,22122.0
1742160300000,0.16904,0.16933,0.16904,0.16933,229040.0
1742160360000,0.16934,0.16951,0.16934,0.16947,311260.0
1742160420000,0.16946,0.16946,0.1693,0.16938,120631.0
1742160480000,0.16939,0.16965,0.16939,0.16965,208291.0
1742160540000,0.16965,0.16979,0.16964,0.16978,156833.0
1742160600000,0.16978,0.16979,0.16941,0.16941,177708.0
1742160660000,0.16941,0.16942,0.16929,0.1694,88272.0
1742160720000,0.16939,0.1696,0.16939,0.1696,858935.0
1742160780000,0.1696,0.1696,0.16914,0.16914,130493.0
1742160840000,0.16915,0.16926,0.16909,0.16909,936960.0
1742160900000,0.16909,0.16938,0.16909,0.16932,179097.0
1742160960000,0.16931,0.16932,0.16902,0.16906,192985.0
1742161020000,0.16907,0.16907,0.16894,0.16901,64970.0
1742161080000,0.16902,0.16902,0.16884,0.16884,112924.0
1742161140000,0.16884,0.16899,0.16883,0.16896,800898.0
1742161200000,0.16895,0.16896,0.1688,0.1688,64942.0
1742161260000,0.1688,0.16891,0.1687,0.16872,453104.0
1742161320000,0.16873,0.16881,0.16873,0.16879,97493.0
1742161380000,0.16879,0.16905,0.16879,0.16905,181508.0
1742161440000,0.16905,0.16908,0.16896,0.16899,227302.0
1742161500000,0.169,0.16906,0.169,0.16905,11737.0
1742161560000,0.16905,0.16905,0.16891,0.16894,126686.0
1742161620000,0.16894,0.16894,0.16893,0.16893,9899.0
1742161680000,0.16894,0.16894,0.16858,0.16858,3387903.0
1742161740000,0.16858,0.16858,0.16825,0.1683,326662.0
1742161800000,0.16831,0.16836,0.16824,0.16827,159261.0
1742161860000,0.16828,0.16849,0.16828,0.16848,86816.0
1742161920000,0.16848,0.16863,0.16848,0.16858,156709.0
1742161980000,0.16859,0.16864,0.16854,0.16864,99723.0
1742162040000,0.16863,0.16871,0.16863,0.16871,17475.0
1742162100000,0.16871,0.16871,0.16823,0.16832,401329.0
1742162160000,0.16831,0.16831,0.16824,0.16829,281413.0
1742162220000,0.16829,0.16839,0.16826,0.16829,331567.0
1742162280000,0.1683,0.1683,0.16813,0.16818,112937.0
1742162340000,0.16818,0.16844,0.16817,0.1684,102776.0
1742162400000,0.16839,0.1687,0.16824,0.16861,425014.0
1742162460000,0.1686,0.1686,0.16848,0.16849,282848.0
1742162520000,0.16848,0.16848,0.16822,0.16833,776440.0
1742162580000,0.16833,0.16839,0.16783,0.16783,892677.0
1742162640000,0.16783,0.16797,0.1678,0.16794,368971.0
1742162700000,0.16794,0.16794,0.1676,0.16772,237943.0
1742162760000,0.16772,0.16772,0.16731,0.1675,268581.0
1742162820000,0.16751,0.16765,0.16745,0.16759,312098.0
1742162880000,0.16759,0.16759,0.16683,0.16712,1306791.0
1742162940000,0.16713,0.16722,0.16667,0.16718,2542467.0
1742163000000,0.16719,0.16739,0.16718,0.16733,212024.0
1742163060000,0.16732,0.16776,0.16726,0.16776,648692.0
1742163120000,0.16776,0.16777,0.16756,0.16772,100993.0
1742163180000,0.16773,0.16784,0.16767,0.16776,128743.0
1742163240000,0.16777,0.16807,0.16776,0.16799,147133.0
1742163300000,0.16798,0.1681,0.16797,0.16807,161362.0
1742163360000,0.16806,0.1683,0.168,0.16829,293915.0
1742163420000,0.16828,0.16843,0.16822,0.16822,202652.0
1742163480000,0.16822,0.16845,0.16817,0.16836,362977.0
1742163540000,0.16836,0.16836,0.16805,0.16808,129080.0
1742163600000,0.16808,0.16833,0.16806,0.16828,269984.0
1742163660000,0.16828,0.16842,0.16819,0.1683,1455343.0
1742163720000,0.16829,0.16843,0.16825,0.16826,300347.0
1742163780000,0.16826,0.1684,0.16817,0.16818,297062.0
1742163840000,0.16819,0.16843,0.16812,0.1684,237131.0
1742163900000,0.16841,0.16869,0.16841,0.16868,364564.0
1742163960000,0.16869,0.16883,0.16859,0.16859,303236.0
1742164020000,0.16859,0.16863,0.16846,0.16854,249381.0
1742164080000,0.16855,0.16894,0.16855,0.16894,142513.0
1742164140000,0.16893,0.16893,0.16863,0.16876,245210.0
1742164200000,0.16875,0.16904,0.16867,0.16897,330242.0
1742164260000,0.16897,0.16897,0.16875,0.16894,217446.0
1742164320000,0.16893,0.16899,0.16878,0.16882,259964.0
1742164380000,0.16882,0.16882,0.16849,0.16862,315556.0
1742164440000,0.16862,0.1687,0.16852,0.16853,76471.0
1742164500000,0.16854,0.16854,0.16819,0.16823,103292.0
1742164560000,0.16822,0.16822,0.16798,0.16804,291247.0
1742164620000,0.16804,0.1682,0.16782,0.16817,424338.0
1742164680000,0.16818,0.16823,0.16802,0.16812,119672.0
1742164740000,0.16812,0.16839,0.16805,0.16837,176601.0
1742164800000,0.16838,0.16839,0.1682,0.16832,294744.0
1742164860000,0.16833,0.16842,0.16829,0.16839,92646.0
1742164920000,0.16839,0.16858,0.16837,0.16856,190638.0
1742164980000,0.16857,0.16863,0.16849,0.16863,123595.0
1742165040000,0.16862,0.16885,0.16859,0.1688,229981.0
1742165100000,0.1688,0.16889,0.1685,0.16856,1094812.0
1742165160000,0.16855,0.16856,0.16817,0.16825,457033.0
1742165220000,0.16826,0.16837,0.16822,0.16822,99859.0
1742165280000,0.16822,0.16837,0.16812,0.16832,367422.0
1742165340000,0.16831,0.16834,0.16822,0.16834,325059.0
1742165400000,0.16834,0.16843,0.16823,0.16836,133904.0
1742165460000,0.16836,0.16859,0.16824,0.16825,217314.0
1742165520000,0.16825,0.16832,0.16816,0.16822,380807.0
1742165580000,0.16822,0.16822,0.16795,0.16798,273763.0
1742165640000,0.16799,0.168,0.16787,0.16793,337901.0
1742165700000,0.16794,0.16799,0.1677,0.16772,504347.0
1742165760000,0.16772,0.16785,0.16769,0.1678,842225.0
1742165820000,0.1678,0.1678,0.16751,0.16753,331694.0
1742165880000,0.16753,0.16761,0.16746,0.16746,157979.0
1742165940000,0.16746,0.16746,0.16731,0.16732,286424.0
1742166000000,0.16733,0.16784,0.16728,0.16779,1326621.0
1742166060000,0.16779,0.16783,0.16762,0.16771,134849.0
1742166120000,0.1677,0.16784,0.16761,0.16781,223158.0
1742166180000,0.1678,0.1678,0.16716,0.16716,332784.0
1742166240000,0.16717,0.16717,0.16672,0.16692,2097758.0
1742166300000,0.16693,0.16712,0.16692,0.16709,513267.0
1742166360000,0.1671,0.16713,0.16661,0.1667,1537095.0
1742166420000,0.1667,0.16683,0.1666,0.16683,3858041.0
1742166480000,0.16684,0.16698,0.16679,0.16687,189276.0
1742166540000,0.16687,0.16709,0.16677,0.16709,249978.0
1742166600000,0.1671,0.16741,0.1671,0.1674,647543.0
1742166660000,0.16741,0.16741,0.16723,0.16728,177296.0
1742166720000,0.16727,0.16733,0.16703,0.16715,248152.0
1742166780000,0.16714,0.16778,0.1671,0.16774,468697.0
1742166840000,0.16773,0.16786,0.1676,0.16762,192509.0
1742166900000,0.16763,0.1677,0.16744,0.16757,118837.0
1742166960000,0.16757,0.16791,0.16757,0.16777,358501.0
1742167020000,0.16777,0.16796,0.16773,0.1678,546012.0
1742167080000,0.16779,0.16779,0.16751,0.1676,196359.0
1742167140000,0.1676,0.16775,0.16755,0.16765,139978.0
1742167200000,0.16765,0.16765,0.16741,0.16745,60407.0
1742167260000,0.16746,0.16771,0.16746,0.16761,166711.0
1742167320000,0.16761,0.16772,0.16751,0.16751,288385.0
1742167380000,0.16751,0.16757,0.1674,0.16757,82444.0
1742167440000,0.16756,0.16756,0.1672,0.16723,440600.0
1742167500000,0.16724,0.16725,0.1671,0.16721,207240.0
1742167560000,0.16722,0.16736,0.1672,0.16732,106577.0
1742167620000,0.16732,0.16759,0.16732,0.16753,157956.0
1742167680000,0.16753,0.1676,0.16747,0.1676,57153.0
1742167740000,0.1676,0.16769,0.16758,0.16769,77950.0
1742167800000,0.1677,0.16791,0.1676,0.16786,300407.0
1742167860000,0.16786,0.16797,0.16781,0.16787,267150.0
1742167920000,0.16788,0.16806,0.16782,0.1679,206562.0
1742167980000,0.16791,0.16805,0.16772,0.16799,272016.0
1742168040000,0.168,0.1683,0.168,0.16813,305817.0
1742168100000,0.16813,0.16813,0.1679,0.16801,110396.0
1742168160000,0.16801,0.16804,0.16795,0.16801,206989.0
1742168220000,0.168,0.16821,0.16798,0.16816,173689.0
1742168280000,0.16815,0.16831,0.1681,0.16822,87842.0
1742168340000,0.16821,0.16842,0.16819,0.16828,185332.0
1742168400000,0.16828,0.16842,0.16818,0.1684,234506.0
1742168460000,0.16841,0.16845,0.16825,0.16835,176501.0
1742168520000,0.16835,0.1684,0.16824,0.1684,390126.0
1742168580000,0.16839,0.16845,0.16834,0.16842,110669.0
1742168640000,0.16842,0.16851,0.16842,0.16845,101111.0
1742168700000,0.16846,0.16848,0.1682,0.16821,144252.0
1742168760000,0.1682,0.16829,0.16808,0.16829,191726.0
1742168820000,0.1683,0.16847,0.16826,0.16826,310443.0
1742168880000,0.16826,0.16841,0.16826,0.16835,42354.0
1742168940000,0.16835,0.16841,0.16827,0.16828,196508.0
1742169000000,0.16828,0.16828,0.16813,0.16817,104932.0
1742169060000,0.16818,0.1683,0.16812,0.16814,58538.0
1742169120000,0.16815,0.16841,0.16815,0.16841,107345.0
1742169180000,0.1684,0.16842,0.16827,0.16828,162100.0
1742169240000,0.16828,0.1683,0.16818,0.16822,34095.0
1742169300000,0.16821,0.16828,0.16806,0.16807,72578.0
1742169360000,0.16807,0.16819,0.16805,0.16817,125616.0
1742169420000,0.16818,0.16834,0.16817,0.16828,122248.0
1742169480000,0.16827,0.16828,0.16816,0.16819,45116.0
1742169540000,0.1682,0.16824,0.16816,0.16817,638349.0
1742169600000,0.16818,0.16822,0.16805,0.16809,636401.0
1742169660000,0.16809,0.1687,0.16801,0.16869,1031715.0
1742169720000,0.1687,0.16885,0.16841,0.16851,496167.0
1742169780000,0.1685,0.16896,0.16838,0.16888,1489591.0
1742169840000,0.16889,0.1689,0.16869,0.16873,271710.0
1742169900000,0.16873,0.16906,0.1687,0.16904,735149.0
1742169960000,0.16903,0.16909,0.16894,0.16896,396468.0
1742170020000,0.16895,0.16924,0.1689,0.16923,469182.0
1742170080000,0.16924,0.1694,0.16917,0.16936,645239.0
1742170140000,0.16935,0.16935,0.1691,0.16911,557528.0
1742170200000,0.16911,0.16935,0.1691,0.16911,264830.0
1742170260000,0.16911,0.16921,0.16902,0.16921,257591.0
1742170320000,0.16921,0.16921,0.16891,0.16892,166458.0
1742170380000,0.16893,0.16899,0.16885,0.16886,70584.0
1742170440000,0.16887,0.16897,0.16882,0.16882,233812.0
1742170500000,0.16881,0.1691,0.16873,0.16908,275221.0
1742170560000,0.16908,0.16909,0.16894,0.16899,237729.0
1742170620000,0.16898,0.16898,0.16867,0.16869,181831.0
1742170680000,0.16869,0.16882,0.16859,0.16868,191377.0
1742170740000,0.16868,0.16891,0.16866,0.16876,124755.0
1742170800000,0.16876,0.16894,0.16867,0.16884,192937.0
1742170860000,0.16884,0.1689,0.16857,0.16861,168706.0
1742170920000,0.16862,0.16885,0.16862,0.16885,115285.0
1742170980000,0.16886,0.16891,0.1688,0.16885,47259.0
1742171040000,0.16885,0.16915,0.16884,0.16911,611572.0
1742171100000,0.16912,0.16923,0.16908,0.16921,251129.0
1742171160000,0.16921,0.16924,0.16915,0.16918,43797.0
1742171220000,0.16917,0.1692,0.16903,0.16916,243045.0
1742171280000,0.16916,0.16925,0.16912,0.16924,190433.0
1742171340000,0.16924,0.16933,0.16919,0.16929,84520.0
1742171400000,0.16929,0.16954,0.16922,0.1695,174964.0
1742171460000,0.1695,0.16959,0.1694,0.16944,338605.0
1742171520000,0.16944,0.16969,0.16942,0.16966,640712.0
1742171580000,0.16966,0.17033,0.1696,0.17005,1877577.0
1742171640000,0.17004,0.17008,0.16974,0.16975,152813.0
1742171700000,0.16975,0.16999,0.16969,0.16999,266971.0
1742171760000,0.17,0.17027,0.17,0.17007,554446.0
1742171820000,0.17007,0.17007,0.16976,0.16976,429575.0
1742171880000,0.16977,0.16982,0.16971,0.16974,230107.0
1742171940000,0.16973,0.16982,0.16961,0.16961,392185.0
1742172000000,0.16961,0.16969,0.16961,0.16969,138320.0
1742172060000,0.1697,0.16986,0.1697,0.16976,94673.0
1742172120000,0.16976,0.16997,0.16972,0.16991,538511.0
1742172180000,0.16992,0.17034,0.16992,0.17024,915575.0
1742172240000,0.17024,0.1703,0.17017,0.17021,782821.0
1742172300000,0.17022,0.17029,0.17019,0.17026,68138.0
1742172360000,0.17026,0.17058,0.1702,0.17056,942673.0
1742172420000,0.17056,0.1708,0.17053,0.17057,1085135.0
1742172480000,0.17057,0.17077,0.17046,0.17062,946564.0
1742172540000,0.17062,0.17067,0.17033,0.17033,465957.0
1742172600000,0.17032,0.17062,0.17029,0.17062,140323.0
1742172660000,0.17063,0.17118,0.17062,0.17114,925284.0
1742172720000,0.17114,0.17114,0.17095,0.17098,1122858.0
1742172780000,0.17099,0.17105,0.17085,0.17087,272439.0
1742172840000,0.17087,0.17122,0.17077,0.17077,297130.0
1742172900000,0.17076,0.17091,0.17076,0.17085,835571.0
1742172960000,0.17086,0.17089,0.17077,0.17081,595340.0
1742173020000,0.17082,0.17089,0.1706,0.17064,338486.0
1742173080000,0.17065,0.17075,0.17061,0.17075,152936.0
1742173140000,0.17076,0.17083,0.17069,0.17081,340542.0
1742173200000,0.17082,0.171,0.17078,0.17099,211077.0
1742173260000,0.171,0.17147,0.171,0.1711,505087.0
1742173320000,0.17109,0.17128,0.17109,0.17126,208259.0
1742173380000,0.17126,0.17168,0.1712,0.17164,1123446.0
1742173440000,0.17164,0.17165,0.17139,0.17142,892606.0
1742173500000,0.17141,0.17141,0.17121,0.1713,272345.0
1742173560000,0.17129,0.17135,0.17115,0.17115,237005.0
1742173620000,0.17115,0.17124,0.17112,0.17115,183911.0
1742173680000,0.17116,0.17128,0.17101,0.17103,292215.0
1742173740000,0.17103,0.17108,0.17093,0.17093,140600.0
1742173800000,0.17094,0.171,0.17065,0.17074,228857.0
1742173860000,0.17073,0.17092,0.17072,0.17072,780061.0
1742173920000,0.17071,0.17071,0.17053,0.17053,625896.0
1742173980000,0.17053,0.17054,0.17042,0.17046,160852.0
1742174040000,0.17046,0.17046,0.17035,0.17045,514499.0
1742174100000,0.17045,0.17061,0.17039,0.17051,788179.0
1742174160000,0.17051,0.17055,0.17031,0.17032,127193.0
1742174220000,0.17033,0.1705,0.17025,0.17046,204927.0
1742174280000,0.17046,0.17073,0.17046,0.17053,275803.0
1742174340000,0.17052,0.1706,0.17018,0.17018,151353.0
1742174400000,0.17018,0.17042,0.17014,0.17021,350918.0
1742174460000,0.1702,0.17042,0.17008,0.17019,395939.0
1742174520000,0.17018,0.17023,0.1701,0.17023,157527.0
1742174580000,0.17023,0.17047,0.17023,0.17037,226255.0
1742174640000,0.17037,0.17048,0.17037,0.17043,70619.0
1742174700000,0.17043,0.17047,0.17025,0.17028,195792.0
1742174760000,0.17029,0.17053,0.17026,0.17041,236262.0
1742174820000,0.1704,0.1705,0.17031,0.17031,128067.0
1742174880000,0.17031,0.17044,0.17029,0.17037,309143.0
1742174940000,0.17036,0.1705,0.17036,0.17041,52446.0
1742175000000,0.17041,0.17077,0.1704,0.17069,126154.0
1742175060000,0.17068,0.17072,0.17059,0.17072,111266.0
1742175120000,0.17072,0.1708,0.17068,0.17075,158909.0
1742175180000,0.17074,0.17098,0.17071,0.17087,3316956.0
1742175240000,0.17087,0.17105,0.17085,0.17085,197708.0
1742175300000,0.17085,0.17095,0.17085,0.17086,130793.0
1742175360000,0.17085,0.17106,0.17084,0.17089,290422.0
1742175420000,0.17088,0.17088,0.17078,0.17085,138468.0
1742175480000,0.17085,0.17092,0.17082,0.17086,176729.0
1742175540000,0.17085,0.17086,0.17075,0.17085,1456498.0
1742175600000,0.17086,0.17093,0.17062,0.17072,1804866.0
1742175660000,0.17073,0.17087,0.17073,0.1708,166196.0
1742175720000,0.17081,0.17094,0.17073,0.17087,125257.0
1742175780000,0.17086,0.17088,0.17076,0.17081,125541.0
1742175840000,0.17081,0.17086,0.17077,0.1708,56657.0
1742175900000,0.1708,0.17119,0.1708,0.17106,312050.0
1742175960000,0.17107,0.17151,0.17107,0.17144,711415.0
1742176020000,0.17144,0.17172,0.17142,0.17159,903952.0
1742176080000,0.17159,0.1717,0.17152,0.17152,922438.0
1742176140000,0.17152,0.17168,0.17144,0.17144,219353.0
1742176200000,0.17144,0.17162,0.17144,0.17157,280562.0
1742176260000,0.17156,0.17164,0.17137,0.17139,516069.0
1742176320000,0.17139,0.17142,0.17133,0.17135,171970.0
1742176380000,0.17135,0.17137,0.17124,0.1713,76701.0
1742176440000,0.1713,0.17134,0.17126,0.17132,70014.0
1742176500000,0.17132,0.17138,0.17125,0.17125,313367.0
1742176560000,0.17124,0.17128,0.17115,0.17115,134282.0
1742176620000,0.17114,0.17114,0.17099,0.17113,1411597.0
1742176680000,0.17113,0.17115,0.171,0.17106,213031.0
1742176740000,0.17106,0.17117,0.17106,0.17117,63918.0
1742176800000,0.17117,0.17125,0.17117,0.17118,227739.0
1742176860000,0.17118,0.17118,0.17105,0.17116,70729.0
1742176920000,0.17117,0.1712,0.17097,0.17097,202809.0
1742176980000,0.17096,0.17106,0.1709,0.17104,488720.0
1742177040000,0.17104,0.17125,0.171,0.17125,217373.0
1742177100000,0.17126,0.17151,0.17125,0.17151,361089.0
1742177160000,0.17152,0.17197,0.17152,0.17187,808658.0
1742177220000,0.17187,0.17196,0.17186,0.17186,378408.0
1742177280000,0.17186,0.17186,0.17157,0.17157,204896.0
1742177340000,0.17158,0.17171,0.17152,0.17164,201225.0
1742177400000,0.17164,0.17174,0.17164,0.17166,225806.0
1742177460000,0.17165,0.17185,0.17165,0.17184,439267.0
1742177520000,0.17184,0.1719,0.17177,0.17178,107703.0
1742177580000,0.17177,0.17179,0.1716,0.17167,212572.0
1742177640000,0.17166,0.17166,0.17148,0.17148,202243.0
1742177700000,0.17147,0.17152,0.17144,0.17151,83596.0
1742177760000,0.17151,0.17156,0.17139,0.17139,190806.0
1742177820000,0.17139,0.17146,0.17124,0.17124,164088.0
1742177880000,0.17123,0.17146,0.17123,0.17146,311973.0
1742177940000,0.17145,0.17185,0.17142,0.17171,299288.0
1742178000000,0.17171,0.17194,0.17163,0.17179,373790.0
1742178060000,0.1718,0.17193,0.17166,0.1717,319367.0
1742178120000,0.17169,0.17189,0.17163,0.17187,272537.0
1742178180000,0.17187,0.17188,0.17175,0.17188,227982.0
1742178240000,0.17189,0.17203,0.17176,0.17176,677169.0
1742178300000,0.17175,0.17195,0.17171,0.17183,212083.0
1742178360000,0.17184,0.17196,0.17184,0.17187,256711.0
1742178420000,0.17187,0.17197,0.17187,0.17193,88262.0
1742178480000,0.17194,0.17217,0.17193,0.17204,503618.0
1742178540000,0.17205,0.17229,0.17185,0.17215,2492286.0
1742178600000,0.17215,0.1722,0.17182,0.17198,1183397.0
1742178660000,0.17198,0.17205,0.17172,0.17174,199644.0
1742178720000,0.17175,0.17188,0.17174,0.17174,106613.0
1742178780000,0.17174,0.17179,0.17158,0.17163,129710.0
1742178840000,0.17163,0.17175,0.17156,0.17175,153314.0
1742178900000,0.17174,0.17174,0.17152,0.17158,343368.0
1742178960000,0.17157,0.17163,0.17149,0.17163,211369.0
1742179020000,0.17162,0.17162,0.17152,0.17155,214513.0
1742179080000,0.17155,0.17173,0.17155,0.17165,113333.0
1742179140000,0.17166,0.17181,0.17166,0.17181,62440.0
1742179200000,0.17181,0.17189,0.17176,0.17188,264697.0
1742179260000,0.17188,0.172,0.17178,0.17178,125520.0
1742179320000,0.17179,0.17191,0.17175,0.17181,113948.0
1742179380000,0.1718,0.17207,0.17179,0.17206,53720.0
1742179440000,0.17207,0.1722,0.17207,0.17208,971616.0
1742179500000,0.17207,0.17229,0.17206,0.17206,408708.0
1742179560000,0.17206,0.17219,0.17201,0.17201,435226.0
1742179620000,0.17201,0.17206,0.17181,0.17182,90410.0
1742179680000,0.17182,0.17182,0.17157,0.17161,246989.0
1742179740000,0.1716,0.17161,0.17144,0.17147,292094.0
1742179800000,0.17148,0.17163,0.17147,0.17163,147060.0
1742179860000,0.17164,0.17167,0.17158,0.17158,67292.0
1742179920000,0.17158,0.1717,0.17158,0.1717,66049.0
1742179980000,0.1717,0.17178,0.17146,0.17152,221907.0
1742180040000,0.17152,0.17157,0.17147,0.1715,58017.0
1742180100000,0.1715,0.17166,0.17147,0.17165,125694.0
1742180160000,0.17164,0.17185,0.1716,0.17182,257713.0
1742180220000,0.17183,0.17197,0.17179,0.17193,75758.0
1742180280000,0.17193,0.17194,0.17173,0.17173,65468.0
1742180340000,0.17173,0.17175,0.17157,0.17157,76859.0
1742180400000,0.17158,0.17195,0.17158,0.17193,167792.0
1742180460000,0.17194,0.17207,0.1719,0.17203,169497.0
1742180520000,0.17202,0.17219,0.17189,0.17195,139213.0
1742180580000,0.17195,0.17218,0.17194,0.17206,341182.0
1742180640000,0.17205,0.17217,0.17182,0.17182,160280.0
1742180700000,0.17181,0.17199,0.17178,0.17195,122316.0
1742180760000,0.17195,0.17204,0.17191,0.17202,214156.0
1742180820000,0.17202,0.1724,0.17195,0.17239,478176.0
1742180880000,0.1724,0.17284,0.17233,0.17271,1271114.0
1742180940000,0.1727,0.17273,0.17252,0.17252,374521.0
1742181000000,0.17251,0.17261,0.17241,0.17241,229576.0
1742181060000,0.17241,0.17244,0.17238,0.17244,198512.0
1742181120000,0.17245,0.17259,0.17245,0.17256,254289.0
1742181180000,0.17255,0.17268,0.17255,0.17263,333120.0
1742181240000,0.17263,0.17274,0.17261,0.17272,82726.0
1742181300000,0.17273,0.173,0.17272,0.17279,802532.0
1742181360000,0.17278,0.17292,0.17265,0.17272,252068.0
1742181420000,0.17271,0.17282,0.17264,0.17269,332604.0
1742181480000,0.17269,0.1727,0.17227,0.17227,488573.0
1742181540000,0.17227,0.17229,0.17222,0.17223,349450.0
1742181600000,0.17222,0.17231,0.17211,0.17212,131832.0
1742181660000,0.17212,0.17223,0.17198,0.1722,119371.0
1742181720000,0.1722,0.17229,0.17209,0.17212,165987.0
1742181780000,0.17212,0.17216,0.17201,0.17215,370934.0
1742181840000,0.17216,0.17226,0.17205,0.17222,462553.0
1742181900000,0.17222,0.17224,0.17207,0.1721,57214.0
1742181960000,0.17211,0.17213,0.17201,0.17206,149486.0
1742182020000,0.17206,0.1721,0.172,0.17205,508837.0
1742182080000,0.17206,0.1721,0.17198,0.17198,83562.0
1742182140000,0.17197,0.17203,0.17193,0.17202,240045.0
1742182200000,0.17203,0.1722,0.17203,0.17212,241376.0
1742182260000,0.17213,0.17218,0.1721,0.17211,90522.0
1742182320000,0.1721,0.17222,0.17202,0.17211,182376.0
1742182380000,0.17211,0.17228,0.17206,0.17206,179108.0
1742182440000,0.17206,0.17216,0.17205,0.17211,147047.0
1742182500000,0.17211,0.17219,0.17202,0.17212,96904.0
1742182560000,0.17213,0.17215,0.1719,0.1719,42263.0
1742182620000,0.1719,0.17211,0.17189,0.17195,99079.0
1742182680000,0.17195,0.1723,0.17194,0.17224,120291.0
1742182740000,0.17225,0.17235,0.17225,0.17229,131299.0
1742182800000,0.17229,0.17231,0.17222,0.17227,100604.0
1742182860000,0.17227,0.17235,0.17226,0.17226,38245.0
1742182920000,0.17225,0.17236,0.17219,0.17227,130964.0
1742182980000,0.17228,0.1725,0.17228,0.1725,122981.0
1742183040000,0.17249,0.1725,0.17241,0.17242,52566.0
1742183100000,0.17241,0.17285,0.17239,0.17278,296689.0
1742183160000,0.17277,0.1728,0.17264,0.17269,320223.0
1742183220000,0.17269,0.17277,0.17262,0.17274,374890.0
1742183280000,0.17273,0.17276,0.17257,0.17259,90993.0
1742183340000,0.1726,0.17271,0.17256,0.17264,110442.0
1742183400000,0.17263,0.17273,0.17261,0.17261,139710.0
1742183460000,0.17261,0.1727,0.17254,0.17267,82683.0
1742183520000,0.17266,0.17272,0.17262,0.17269,33120.0
1742183580000,0.17269,0.17312,0.17269,0.17303,1605883.0
1742183640000,0.17302,0.17309,0.17297,0.17299,483802.0
1742183700000,0.17299,0.17318,0.17292,0.17293,339042.0
1742183760000,0.17294,0.17311,0.17294,0.17307,769238.0
1742183820000,0.17306,0.17306,0.17285,0.17285,93289.0
1742183880000,0.17285,0.17289,0.17284,0.17286,158300.0
1742183940000,0.17287,0.17289,0.17284,0.17286,141369.0
1742184000000,0.17286,0.17308,0.17286,0.17293,376364.0
1742184060000,0.17293,0.17305,0.17291,0.173,161439.0
1742184120000,0.17299,0.17336,0.17294,0.17328,299329.0
1742184180000,0.17328,0.17354,0.17325,0.17352,401852.0
1742184240000,0.17351,0.17364,0.1734,0.17342,317401.0
1742184300000,0.17342,0.17349,0.17331,0.17335,435971.0
1742184360000,0.17335,0.17337,0.17311,0.17314,337888.0
1742184420000,0.17314,0.17314,0.17305,0.17307,219372.0
1742184480000,0.17307,0.17308,0.17297,0.17297,270746.0
1742184540000,0.17298,0.17299,0.17292,0.17294,92853.0
1742184600000,0.17294,0.17305,0.17276,0.17276,380946.0
1742184660000,0.17276,0.17276,0.17245,0.17245,281093.0
1742184720000,0.17246,0.17273,0.17246,0.17272,392921.0
1742184780000,0.17273,0.17275,0.17257,0.17258,108804.0
1742184840000,0.17259,0.17262,0.17258,0.17261,35701.0
1742184900000,0.17261,0.17278,0.17259,0.17278,144339.0
1742184960000,0.17278,0.1729,0.17271,0.17287,118869.0
1742185020000,0.17288,0.17288,0.17249,0.17252,473629.0
1742185080000,0.17253,0.17263,0.1725,0.17259,267417.0
1742185140000,0.17259,0.17281,0.17258,0.1728,180228.0
1742185200000,0.17281,0.17307,0.17281,0.17303,321389.0
1742185260000,0.17303,0.1731,0.17294,0.17301,266328.0
1742185320000,0.17301,0.17317,0.17301,0.17303,167258.0
1742185380000,0.17302,0.17313,0.17287,0.17287,269509.0
1742185440000,0.17286,0.17286,0.17272,0.17272,201818.0
1742185500000,0.17273,0.17274,0.17253,0.17267,122235.0
1742185560000,0.17268,0.17273,0.17259,0.17259,44372.0
1742185620000,0.17259,0.17263,0.17254,0.17261,72461.0
1742185680000,0.17262,0.17267,0.17255,0.17266,45529.0
1742185740000,0.17266,0.17274,0.17262,0.17262,132764.0
1742185800000,0.17262,0.17275,0.17261,0.17271,88048.0
1742185860000,0.17271,0.17301,0.17271,0.17298,58490.0
1742185920000,0.17299,0.17303,0.17291,0.17302,105175.0
1742185980000,0.17302,0.17302,0.17285,0.17289,90141.0
1742186040000,0.17289,0.17311,0.17289,0.17303,99765.0
1742186100000,0.17303,0.1732,0.17303,0.17312,78503.0
1742186160000,0.17311,0.1732,0.17302,0.17302,70407.0
1742186220000,0.17301,0.17301,0.17287,0.17292,201836.0
1742186280000,0.17292,0.17307,0.17291,0.17307,57859.0
1742186340000,0.17307,0.1731,0.17286,0.17286,368938.0
1742186400000,0.17286,0.17291,0.17267,0.17268,141978.0
1742186460000,0.17269,0.17299,0.17269,0.17299,160505.0
1742186520000,0.17299,0.17304,0.17293,0.17301,63794.0
1742186580000,0.17302,0.17306,0.17285,0.17291,590807.0
1742186640000,0.17292,0.17293,0.17287,0.17288,55060.0
1742186700000,0.17289,0.17304,0.17287,0.17289,123405.0
1742186760000,0.17289,0.17292,0.17279,0.17279,102677.0
1742186820000,0.17278,0.17282,0.17268,0.17272,275415.0
1742186880000,0.17271,0.17271,0.17258,0.17258,172767.0
1742186940000,0.17257,0.17257,0.17242,0.17245,254465.0
1742187000000,0.17245,0.17245,0.17234,0.17234,238459.0
1742187060000,0.17234,0.17241,0.1722,0.17224,165368.0
1742187120000,0.17224,0.17251,0.17224,0.17248,206156.0
1742187180000,0.17247,0.1725,0.17234,0.17236,78011.0
1742187240000,0.17235,0.1725,0.17235,0.1725,64162.0
1742187300000,0.1725,0.17269,0.1725,0.17254,108164.0
1742187360000,0.17253,0.17253,0.17233,0.17236,892624.0
1742187420000,0.17236,0.17252,0.17236,0.17252,110761.0
1742187480000,0.17253,0.17253,0.17244,0.17247,259211.0
1742187540000,0.17247,0.17253,0.17246,0.17249,138014.0
1742187600000,0.17249,0.17256,0.17245,0.17248,151100.0
1742187660000,0.17248,0.17249,0.17226,0.17226,227492.0
1742187720000,0.17225,0.17226,0.1721,0.1722,208727.0
1742187780000,0.17221,0.17224,0.17205,0.17217,659911.0
1742187840000,0.17216,0.17216,0.17204,0.17212,523788.0
1742187900000,0.17212,0.17214,0.17192,0.17214,714387.0
1742187960000,0.17214,0.17223,0.17208,0.17221,289619.0
1742188020000,0.17222,0.17222,0.17212,0.17212,273174.0
1742188080000,0.17212,0.17217,0.17202,0.17209,107035.0
1742188140000,0.17209,0.17211,0.17202,0.17203,105463.0
1742188200000,0.17202,0.17221,0.17202,0.17208,240694.0
1742188260000,0.17207,0.17207,0.17193,0.17197,444675.0
1742188320000,0.17198,0.17202,0.17184,0.17189,422481.0
1742188380000,0.1719,0.17192,0.17172,0.17172,569056.0
1742188440000,0.17172,0.17191,0.17159,0.17191,417581.0
1742188500000,0.17192,0.17205,0.17192,0.17203,337973.0
1742188560000,0.17202,0.17202,0.17181,0.17181,126659.0
1742188620000,0.1718,0.17192,0.17171,0.17178,197408.0
1742188680000,0.17178,0.17184,0.17173,0.17178,368406.0
1742188740000,0.17178,0.17194,0.17173,0.17194,164027.0
1742188800000,0.17194,0.17202,0.1719,0.17192,162822.0
1742188860000,0.17193,0.17197,0.17189,0.17189,47221.0
1742188920000,0.17189,0.17198,0.17189,0.17195,189725.0
1742188980000,0.17196,0.1722,0.17196,0.17212,1009984.0
1742189040000,0.17212,0.1722,0.17212,0.17213,147600.0
1742189100000,0.17212,0.17225,0.17212,0.17221,297041.0
1742189160000,0.17221,0.17226,0.17217,0.17217,238805.0
1742189220000,0.17216,0.17216,0.17209,0.17213,599590.0
1742189280000,0.17213,0.17213,0.17202,0.17202,86255.0
1742189340000,0.17202,0.17209,0.17193,0.17209,143405.0
1742189400000,0.1721,0.1724,0.17206,0.17237,669303.0
1742189460000,0.17237,0.17249,0.17233,0.17237,332439.0
1742189520000,0.17236,0.17236,0.17221,0.17221,1141421.0
1742189580000,0.17221,0.17226,0.17216,0.1722,107686.0
1742189640000,0.17219,0.17219,0.17198,0.17201,176909.0
1742189700000,0.17201,0.17256,0.17201,0.17239,11377892.0
1742189760000,0.17239,0.17239,0.17214,0.17215,244899.0
1742189820000,0.17214,0.17215,0.17197,0.17197,200481.0
1742189880000,0.17197,0.17284,0.17197,0.17284,9405043.0
1742189940000,0.17284,0.17294,0.17271,0.17294,4661258.0
1742190000000,0.17295,0.17302,0.17276,0.17276,1267448.0
1742190060000,0.17276,0.17276,0.1725,0.17263,384498.0
1742190120000,0.17262,0.17262,0.1723,0.17237,285165.0
1742190180000,0.17236,0.17238,0.17228,0.17237,318569.0
1742190240000,0.17233,0.17234,0.17229,0.17229,366683.0
1742190300000,0.1723,0.1723,0.17217,0.1723,771931.0
1742190360000,0.1723,0.1723,0.17208,0.1722,314096.0
1742190420000,0.1722,0.17226,0.17212,0.17223,173422.0
1742190480000,0.17222,0.17229,0.17211,0.17226,34046.0
1742190540000,0.17225,0.17227,0.17218,0.17218,284504.0
1742190600000,0.17217,0.17237,0.17212,0.17215,235041.0
1742190660000,0.17215,0.17217,0.17199,0.17208,479826.0
1742190720000,0.17208,0.17218,0.17203,0.17203,308606.0
1742190780000,0.17203,0.17205,0.17197,0.172,406631.0
1742190840000,0.172,0.17202,0.172,0.172,490183.0
1742190900000,0.172,0.17206,0.17186,0.17191,311553.0
1742190960000,0.17192,0.17196,0.17188,0.17188,239189.0
1742191020000,0.17188,0.17191,0.1717,0.17174,142462.0
1742191080000,0.17175,0.17175,0.1717,0.1717,98984.0
1742191140000,0.17169,0.1717,0.17151,0.17153,332985.0
1742191200000,0.17154,0.17181,0.17153,0.17176,423363.0
1742191260000,0.17175,0.17186,0.17167,0.17185,258171.0
1742191320000,0.17185,0.17198,0.17179,0.17196,208405.0
1742191380000,0.17196,0.17237,0.17196,0.17237,2186746.0
1742191440000,0.17238,0.17247,0.17232,0.1724,726082.0
1742191500000,0.17239,0.17257,0.17237,0.17249,1005406.0
1742191560000,0.17249,0.17255,0.17242,0.17244,636920.0
1742191620000,0.17243,0.17259,0.17235,0.17244,534368.0
1742191680000,0.17244,0.17263,0.17244,0.17261,270742.0
1742191740000,0.17261,0.17264,0.17256,0.17257,826189.0
1742191800000,0.17257,0.17261,0.17236,0.17239,253573.0
1742191860000,0.17239,0.17242,0.1723,0.17232,219643.0
1742191920000,0.17232,0.17239,0.17228,0.1723,206919.0
1742191980000,0.1723,0.17245,0.17225,0.17245,499925.0
1742192040000,0.17245,0.17252,0.17237,0.17237,299248.0
1742192100000,0.17237,0.17256,0.17223,0.17239,983671.0
1742192160000,0.17239,0.17244,0.17233,0.17236,996214.0
1742192220000,0.17236,0.17245,0.17231,0.17244,457751.0
1742192280000,0.17244,0.17245,0.17215,0.17215,375656.0
1742192340000,0.17216,0.17218,0.17209,0.17211,448856.0
1742192400000,0.17212,0.17212,0.1716,0.17168,646640.0
1742192460000,0.17169,0.17172,0.17158,0.17169,535624.0
1742192520000,0.17169,0.17175,0.17158,0.1716,403421.0
1742192580000,0.17161,0.17164,0.17146,0.1715,994565.0
1742192640000,0.1715,0.17153,0.17138,0.17147,883533.0
1742192700000,0.17148,0.17149,0.17125,0.17125,694613.0
1742192760000,0.17125,0.17125,0.17104,0.17113,854242.0
1742192820000,0.17113,0.17113,0.1708,0.17081,1194472.0
1742192880000,0.1708,0.17089,0.17069,0.1707,1550868.0
1742192940000,0.17071,0.17089,0.17064,0.17079,554953.0
1742193000000,0.17079,0.171,0.17069,0.17097,677918.0
1742193060000,0.17097,0.17103,0.1706,0.1706,872913.0
1742193120000,0.17061,0.17063,0.17018,0.17018,2065435.0
1742193180000,0.17018,0.17034,0.17,0.17034,1316555.0
1742193240000,0.17033,0.17037,0.16992,0.17009,971771.0
1742193300000,0.17008,0.17048,0.17004,0.17039,666598.0
1742193360000,0.17039,0.17056,0.17029,0.17055,462057.0
1742193420000,0.17055,0.17056,0.17031,0.17033,3674939.0
1742193480000,0.17033,0.17091,0.17033,0.17087,870262.0
1742193540000,0.17087,0.17098,0.17084,0.17095,286041.0
1742193600000,0.17095,0.17102,0.17091,0.171,505281.0
1742193660000,0.171,0.17115,0.17097,0.17105,390296.0
1742193720000,0.17106,0.17124,0.17103,0.17121,458694.0
1742193780000,0.17121,0.1713,0.1711,0.17111,804466.0
1742193840000,0.17111,0.17133,0.17111,0.17133,401948.0
1742193900000,0.17133,0.17168,0.1712,0.17166,513729.0
1742193960000,0.17167,0.17175,0.17151,0.17153,555831.0
1742194020000,0.17153,0.17164,0.17134,0.17136,234453.0
1742194080000,0.17136,0.17157,0.17133,0.17156,412563.0
1742194140000,0.17156,0.17157,0.17148,0.17148,312199.0
1742194200000,0.17147,0.1716,0.17144,0.1715,451506.0
1742194260000,0.1715,0.1721,0.1715,0.1721,507568.0
1742194320000,0.1721,0.17218,0.17189,0.17192,2099791.0
1742194380000,0.17192,0.17195,0.17166,0.17166,1161184.0
1742194440000,0.17166,0.17172,0.17154,0.17155,338446.0
1742194500000,0.17154,0.17157,0.17129,0.17138,421827.0
1742194560000,0.17138,0.17139,0.17119,0.17124,376924.0
1742194620000,0.17123,0.17126,0.17109,0.17123,1728493.0
1742194680000,0.17123,0.17131,0.1711,0.17121,611369.0
1742194740000,0.17121,0.17121,0.17109,0.17116,523815.0
1742194800000,0.17117,0.1713,0.17095,0.1713,543944.0
1742194860000,0.1713,0.17148,0.17123,0.17147,361897.0
1742194920000,0.17147,0.17159,0.17138,0.17149,872629.0
1742194980000,0.1715,0.17189,0.1715,0.17181,560848.0
1742195040000,0.17182,0.17189,0.17163,0.17168,420422.0
1742195100000,0.17168,0.17177,0.17162,0.17163,289823.0
1742195160000,0.17163,0.17186,0.17157,0.17182,627422.0
1742195220000,0.17183,0.17214,0.17179,0.1721,1711877.0
1742195280000,0.17209,0.17217,0.17195,0.17203,657394.0
1742195340000,0.17202,0.17216,0.17198,0.17212,554828.0
1742195400000,0.17212,0.17253,0.17212,0.17223,331269.0
1742195460000,0.17222,0.17234,0.17219,0.17223,521695.0
1742195520000,0.17223,0.17233,0.17223,0.17226,150820.0
1742195580000,0.17226,0.17255,0.17226,0.17247,431474.0
1742195640000,0.17246,0.17256,0.17233,0.17238,155785.0
1742195700000,0.17238,0.17253,0.17229,0.17248,843124.0
1742195760000,0.17247,0.17247,0.17211,0.17213,396129.0
1742195820000,0.17213,0.17234,0.17213,0.17218,471020.0
1742195880000,0.17218,0.17218,0.17203,0.17208,411944.0
1742195940000,0.17208,0.17214,0.172,0.17201,269317.0
1742196000000,0.17201,0.17204,0.17186,0.17194,339146.0
1742196060000,0.17195,0.17217,0.17195,0.17211,710814.0
1742196120000,0.17212,0.17237,0.17203,0.17204,676355.0
1742196180000,0.17204,0.17216,0.17202,0.17212,200520.0
1742196240000,0.17211,0.1723,0.17211,0.17228,233919.0
1742196300000,0.17229,0.17247,0.17196,0.1722,1822865.0
1742196360000,0.1722,0.17233,0.17216,0.17232,219954.0
1742196420000,0.17232,0.17235,0.17226,0.17234,396681.0
1742196480000,0.17235,0.17235,0.17219,0.17219,264558.0
1742196540000,0.17219,0.17231,0.17219,0.17227,580208.0
1742196600000,0.17226,0.17238,0.17203,0.17207,924090.0
1742196660000,0.17208,0.17218,0.172,0.17211,526691.0
1742196720000,0.17211,0.1722,0.17206,0.17219,391421.0
1742196780000,0.17219,0.17221,0.1721,0.1722,719450.0
1742196840000,0.1722,0.17226,0.17197,0.17201,943628.0
1742196900000,0.17202,0.17207,0.17175,0.17179,620004.0
1742196960000,0.1718,0.1719,0.17138,0.17151,1754906.0
1742197020000,0.17151,0.17154,0.17135,0.17153,590216.0
1742197080000,0.17154,0.17158,0.17136,0.17155,468968.0
1742197140000,0.17156,0.17173,0.17151,0.17152,687440.0
1742197200000,0.17152,0.17165,0.17147,0.17153,317531.0
1742197260000,0.17154,0.17163,0.17152,0.17152,519678.0
1742197320000,0.17152,0.17175,0.17152,0.17173,649366.0
1742197380000,0.17173,0.1718,0.17169,0.17178,351255.0
1742197440000,0.17177,0.17186,0.17171,0.17175,404159.0
1742197500000,0.17176,0.17225,0.17169,0.17222,2789253.0
1742197560000,0.17223,0.17242,0.17204,0.17221,1292380.0
1742197620000,0.17222,0.1728,0.17222,0.17249,1956581.0
1742197680000,0.1725,0.17322,0.1725,0.17321,1334150.0
1742197740000,0.17322,0.17343,0.1729,0.1729,880942.0
1742197800000,0.1729,0.17296,0.1727,0.17278,2005611.0
1742197860000,0.17277,0.17291,0.17264,0.17265,446592.0
1742197920000,0.17265,0.173,0.17262,0.17294,807587.0
1742197980000,0.17294,0.173,0.17286,0.17299,178119.0
1742198040000,0.173,0.17305,0.17291,0.17292,174429.0
1742198100000,0.17292,0.17293,0.1727,0.17274,255443.0
1742198160000,0.17275,0.17285,0.17267,0.17268,210206.0
1742198220000,0.17268,0.17272,0.17246,0.17254,975682.0
1742198280000,0.17254,0.1727,0.17254,0.17264,235501.0
1742198340000,0.17264,0.1727,0.17264,0.17267,282808.0
1742198400000,0.17268,0.17294,0.17265,0.17293,387799.0
1742198460000,0.17293,0.17293,0.17272,0.17273,1883473.0
1742198520000,0.17272,0.17272,0.17258,0.17262,243702.0
1742198580000,0.17263,0.17272,0.1726,0.17264,377371.0
1742198640000,0.17265,0.17271,0.17251,0.17269,264849.0
1742198700000,0.17269,0.17296,0.17266,0.17267,592756.0
1742198760000,0.17267,0.17286,0.1726,0.17286,383282.0
1742198820000,0.17285,0.17286,0.1727,0.17273,252762.0
1742198880000,0.17273,0.17282,0.17269,0.17279,207072.0
1742198940000,0.17279,0.17282,0.17272,0.17276,358100.0
1742199000000,0.17275,0.17283,0.17252,0.17253,502578.0
1742199060000,0.17253,0.17262,0.17238,0.17248,191781.0
1742199120000,0.17247,0.17248,0.1722,0.17225,440098.0
1742199180000,0.17226,0.17239,0.17225,0.17238,375692.0
1742199240000,0.17238,0.17243,0.17231,0.17241,185941.0
1742199300000,0.1724,0.17245,0.17224,0.17224,154308.0
1742199360000,0.17225,0.17225,0.17207,0.17214,242764.0
1742199420000,0.17213,0.17225,0.17206,0.17209,205157.0
1742199480000,0.17209,0.17211,0.17178,0.17181,730085.0
1742199540000,0.17181,0.17194,0.1718,0.17184,745017.0
1742199600000,0.17185,0.17201,0.17181,0.172,363651.0
1742199660000,0.17199,0.17229,0.17199,0.17228,532219.0
1742199720000,0.17228,0.17242,0.17224,0.17225,249914.0
1742199780000,0.17224,0.1726,0.17224,0.17253,331040.0
1742199840000,0.17254,0.17279,0.17254,0.17279,263122.0
1742199900000,0.17279,0.17292,0.17275,0.17276,559926.0
1742199960000,0.17276,0.17282,0.17268,0.17279,261256.0
1742200020000,0.1728,0.17308,0.1728,0.17296,340783.0
1742200080000,0.17295,0.1731,0.1729,0.17306,697026.0
1742200140000,0.17307,0.17307,0.17297,0.17302,258907.0
1742200200000,0.17303,0.17318,0.17295,0.17295,471303.0
1742200260000,0.17295,0.17297,0.1728,0.17288,522042.0
1742200320000,0.17288,0.1731,0.17288,0.17305,253899.0
1742200380000,0.17305,0.17315,0.17295,0.17298,294044.0
1742200440000,0.17298,0.17308,0.1729,0.17297,480616.0
1742200500000,0.17297,0.17307,0.17283,0.17305,488518.0
1742200560000,0.17304,0.17312,0.173,0.17304,269592.0
1742200620000,0.17304,0.17305,0.17273,0.17277,191542.0
1742200680000,0.17277,0.17291,0.17275,0.17291,483529.0
1742200740000,0.17292,0.17307,0.17292,0.17292,741208.0
1742200800000,0.17291,0.17303,0.17288,0.17292,166709.0
1742200860000,0.17292,0.173,0.17287,0.17293,210368.0
1742200920000,0.17293,0.17304,0.1729,0.17298,388221.0
1742200980000,0.17299,0.17323,0.17297,0.17321,480702.0
1742201040000,0.17322,0.17347,0.17316,0.17332,718250.0
1742201100000,0.17332,0.17363,0.17332,0.17362,549745.0
1742201160000,0.17362,0.17416,0.1736,0.17404,1046154.0
1742201220000,0.17403,0.17438,0.17395,0.17395,2595210.0
1742201280000,0.17395,0.17405,0.17394,0.17394,205674.0
1742201340000,0.17395,0.17401,0.17369,0.17376,449785.0
1742201400000,0.17376,0.17379,0.17362,0.17365,497039.0
1742201460000,0.17365,0.17366,0.1734,0.17341,388150.0
1742201520000,0.17341,0.1735,0.17338,0.17347,509320.0
1742201580000,0.17347,0.17366,0.17346,0.17366,667090.0
1742201640000,0.17366,0.17386,0.17366,0.17381,646615.0
1742201700000,0.17381,0.17408,0.1736,0.17407,1882680.0
1742201760000,0.17407,0.17436,0.17391,0.17426,1403275.0
1742201820000,0.17425,0.17439,0.17406,0.17424,3540165.0
1742201880000,0.17423,0.17442,0.17412,0.1743,1202692.0
1742201940000,0.17429,0.17433,0.1741,0.17412,763168.0
1742202000000,0.17411,0.1744,0.17411,0.1743,1621254.0
1742202060000,0.1743,0.17444,0.17427,0.1743,1102949.0
1742202120000,0.17431,0.17436,0.17404,0.17404,1241168.0
1742202180000,0.17405,0.17405,0.17369,0.17374,1474304.0
1742202240000,0.17373,0.17374,0.17361,0.17361,593032.0
1742202300000,0.17361,0.17366,0.17351,0.17362,1008403.0
1742202360000,0.17362,0.17376,0.17355,0.17368,1002561.0
1742202420000,0.17368,0.1737,0.17343,0.17343,685031.0
1742202480000,0.17343,0.17345,0.17336,0.17338,533010.0
1742202540000,0.17338,0.17345,0.1733,0.17335,1164339.0
1742202600000,0.17334,0.17344,0.17326,0.17331,559311.0
1742202660000,0.17331,0.17348,0.17328,0.17343,516721.0
1742202720000,0.17344,0.17375,0.17344,0.17369,758060.0
1742202780000,0.17369,0.17371,0.17347,0.17348,683647.0
1742202840000,0.17348,0.17364,0.17339,0.17364,422027.0
1742202900000,0.17364,0.17386,0.17355,0.17365,1552698.0
1742202960000,0.17366,0.17426,0.17366,0.17395,856786.0
1742203020000,0.17395,0.17427,0.17383,0.17425,850909.0
1742203080000,0.17425,0.17432,0.17408,0.1741,530396.0
1742203140000,0.17409,0.17409,0.17386,0.17392,492275.0
1742203200000,0.17391,0.1742,0.17386,0.17411,717957.0
1742203260000,0.17411,0.17486,0.17406,0.17476,2436467.0
1742203320000,0.17477,0.17495,0.17451,0.1746,1012519.0
1742203380000,0.1746,0.1746,0.17431,0.17431,758063.0
1742203440000,0.17431,0.17437,0.17419,0.17419,339001.0
1742203500000,0.17419,0.1744,0.17419,0.17438,352620.0
1742203560000,0.17438,0.17462,0.17434,0.17454,390724.0
1742203620000,0.17454,0.17462,0.1745,0.17458,337965.0
1742203680000,0.17459,0.17462,0.17434,0.17434,571067.0
1742203740000,0.17435,0.17435,0.17414,0.17428,597785.0
1742203800000,0.17429,0.17438,0.17402,0.17406,1000319.0
1742203860000,0.17405,0.17419,0.17395,0.17419,344950.0
1742203920000,0.1742,0.17421,0.17407,0.17407,668045.0
1742203980000,0.17406,0.17446,0.17403,0.17445,452074.0
1742204040000,0.17445,0.1745,0.17434,0.17448,578446.0
1742204100000,0.17449,0.17449,0.17421,0.17423,339873.0
1742204160000,0.17423,0.17428,0.17413,0.17424,820038.0
1742204220000,0.17424,0.17426,0.17413,0.17416,228776.0
1742204280000,0.17416,0.17427,0.17413,0.17426,1069835.0
1742204340000,0.17425,0.17427,0.17412,0.17413,405240.0
1742204400000,0.17412,0.17414,0.17389,0.17393,625076.0
1742204460000,0.17393,0.17404,0.17392,0.17397,432112.0
1742204520000,0.17397,0.17406,0.17392,0.17406,590659.0
1742204580000,0.17406,0.17409,0.17398,0.17409,263320.0
1742204640000,0.17408,0.17408,0.17392,0.17392,279385.0
1742204700000,0.17392,0.17402,0.17383,0.17385,311534.0
1742204760000,0.17385,0.1739,0.1737,0.17374,246961.0
1742204820000,0.17375,0.17392,0.17372,0.17387,866325.0
1742204880000,0.17388,0.17417,0.17383,0.17415,1293246.0
1742204940000,0.17414,0.17436,0.17414,0.17425,613423.0
1742205000000,0.17425,0.17428,0.174,0.174,300886.0
1742205060000,0.174,0.17402,0.17387,0.17389,215129.0
1742205120000,0.17389,0.1739,0.17372,0.17382,494736.0
1742205180000,0.17383,0.17387,0.17373,0.17373,125939.0
1742205240000,0.17373,0.17414,0.17373,0.17399,660059.0
1742205300000,0.17398,0.17406,0.17384,0.17393,790676.0
1742205360000,0.17393,0.17401,0.17384,0.17384,234596.0
1742205420000,0.17384,0.17384,0.1737,0.17373,194337.0
1742205480000,0.17373,0.17379,0.17364,0.17365,196305.0
1742205540000,0.17366,0.17381,0.17366,0.17379,112423.0
1742205600000,0.17379,0.174,0.17375,0.17398,482496.0
1742205660000,0.17399,0.17407,0.17349,0.17356,873115.0
1742205720000,0.17355,0.17359,0.17344,0.17345,400646.0
1742205780000,0.17346,0.17361,0.17339,0.17343,393695.0
1742205840000,0.17344,0.17353,0.17338,0.17347,188797.0
1742205900000,0.17347,0.17353,0.17307,0.17309,771449.0
1742205960000,0.17309,0.17335,0.17309,0.17334,163412.0
1742206020000,0.17335,0.17348,0.17334,0.17335,193004.0
1742206080000,0.17336,0.17337,0.17327,0.17336,120783.0
1742206140000,0.17336,0.17336,0.17332,0.17333,174254.0
1742206200000,0.17332,0.17338,0.17321,0.17324,172869.0
1742206260000,0.17325,0.17337,0.17311,0.17315,300364.0
1742206320000,0.17315,0.17339,0.17313,0.17326,252798.0
1742206380000,0.17327,0.17333,0.17308,0.17311,318684.0
1742206440000,0.17311,0.17321,0.17308,0.1732,313093.0
1742206500000,0.17319,0.17333,0.17316,0.17323,318557.0
1742206560000,0.17323,0.17326,0.17308,0.17308,157830.0
1742206620000,0.17309,0.17337,0.17309,0.17316,201187.0
1742206680000,0.17315,0.17315,0.17285,0.17303,1248855.0
1742206740000,0.17303,0.17306,0.173,0.17305,495509.0
1742206800000,0.17304,0.17323,0.17304,0.17322,764039.0
1742206860000,0.17323,0.1734,0.17321,0.17333,386873.0
1742206920000,0.17334,0.17347,0.17332,0.17345,282338.0
1742206980000,0.17345,0.17365,0.17344,0.1735,318119.0
1742207040000,0.1735,0.1735,0.17336,0.17342,133925.0
1742207100000,0.17342,0.17354,0.17337,0.1734,282006.0
1742207160000,0.1734,0.17346,0.17335,0.17337,201259.0
1742207220000,0.17337,0.17343,0.1733,0.17343,370933.0
1742207280000,0.17342,0.17342,0.17322,0.17328,284027.0
1742207340000,0.17328,0.17329,0.1732,0.17322,72422.0
1742207400000,0.17323,0.17329,0.17321,0.17329,98992.0
1742207460000,0.1733,0.17352,0.1732,0.17332,377832.0
1742207520000,0.17332,0.17344,0.17319,0.17319,216551.0
1742207580000,0.17319,0.17319,0.1731,0.17316,246052.0
1742207640000,0.17317,0.17318,0.17311,0.17318,74009.0
1742207700000,0.17319,0.17334,0.17315,0.17331,96672.0
1742207760000,0.17332,0.17332,0.17312,0.17318,102118.0
1742207820000,0.17318,0.17326,0.17315,0.17318,311167.0
1742207880000,0.17317,0.17328,0.17317,0.17321,1089268.0
1742207940000,0.17322,0.17341,0.17319,0.17319,579700.0
1742208000000,0.1732,0.17338,0.1732,0.17326,177681.0
1742208060000,0.17327,0.17346,0.17326,0.17345,586910.0
1742208120000,0.17345,0.17358,0.17343,0.17343,776084.0
1742208180000,0.17343,0.17345,0.17328,0.17342,143369.0
1742208240000,0.17343,0.17358,0.17343,0.1735,645411.0
1742208300000,0.17351,0.17373,0.17351,0.17372,94598.0
1742208360000,0.17372,0.17376,0.17362,0.17373,274862.0
1742208420000,0.17372,0.17386,0.17368,0.17384,411176.0
1742208480000,0.17385,0.17385,0.17369,0.17374,90197.0
1742208540000,0.17374,0.17374,0.17362,0.17362,93199.0
1742208600000,0.17361,0.17361,0.1735,0.17353,189764.0
1742208660000,0.17354,0.17356,0.17344,0.17344,83806.0
1742208720000,0.17344,0.17351,0.17338,0.17338,206508.0
1742208780000,0.17339,0.17339,0.17326,0.1733,767660.0
1742208840000,0.17329,0.1733,0.17312,0.17314,191101.0
1742208900000,0.17315,0.17334,0.1731,0.17334,169829.0
1742208960000,0.17334,0.17337,0.17314,0.17326,1381480.0
1742209020000,0.17327,0.17331,0.1732,0.17324,2023727.0
1742209080000,0.17325,0.17325,0.17317,0.17321,55820.0
1742209140000,0.1732,0.17326,0.17317,0.1732,99645.0
1742209200000,0.17321,0.17345,0.17321,0.17342,70958.0
1742209260000,0.17341,0.17347,0.17332,0.17333,158674.0
1742209320000,0.17333,0.17333,0.17316,0.17319,99149.0
1742209380000,0.17318,0.17318,0.17284,0.17293,474901.0
1742209440000,0.17294,0.17297,0.17282,0.17282,462096.0
1742209500000,0.17281,0.17283,0.17269,0.17271,844239.0
1742209560000,0.1727,0.17277,0.17264,0.17276,414344.0
1742209620000,0.17275,0.1729,0.17267,0.17289,306898.0
1742209680000,0.17289,0.1729,0.17278,0.17289,228426.0
1742209740000,0.1729,0.17292,0.17284,0.17286,119228.0
1742209800000,0.17286,0.17288,0.17277,0.17287,174727.0
1742209860000,0.17287,0.17293,0.17287,0.17291,101203.0
1742209920000,0.17291,0.17319,0.1729,0.17311,203142.0
1742209980000,0.1731,0.17316,0.17304,0.1731,83919.0
1742210040000,0.17311,0.17321,0.17311,0.17321,169217.0
1742210100000,0.1732,0.17342,0.17311,0.1734,199430.0
1742210160000,0.1734,0.17345,0.17332,0.17332,109820.0
1742210220000,0.17332,0.17337,0.17329,0.17329,158427.0
1742210280000,0.1733,0.17343,0.17324,0.17343,148993.0
1742210340000,0.17344,0.17366,0.17341,0.17363,487887.0
1742210400000,0.17362,0.17388,0.17355,0.17377,612456.0
1742210460000,0.17378,0.17381,0.1737,0.17376,194647.0
1742210520000,0.17376,0.17376,0.17359,0.17367,150395.0
1742210580000,0.17367,0.17401,0.17366,0.17398,486098.0
1742210640000,0.17398,0.17401,0.17376,0.17376,178986.0
1742210700000,0.17375,0.17381,0.17361,0.17361,234322.0
1742210760000,0.17361,0.17368,0.17356,0.17361,355895.0
1742210820000,0.17361,0.17366,0.17356,0.17356,142313.0
1742210880000,0.17356,0.17358,0.17348,0.17348,302817.0
1742210940000,0.17349,0.17356,0.17349,0.17351,60714.0
1742211000000,0.17351,0.17358,0.17346,0.17347,108310.0
1742211060000,0.17348,0.17357,0.17339,0.17339,735537.0
1742211120000,0.17339,0.17341,0.17329,0.1733,595774.0
1742211180000,0.17331,0.17343,0.17328,0.1733,1710950.0
1742211240000,0.1733,0.17347,0.17319,0.17347,221265.0
1742211300000,0.17347,0.17352,0.17328,0.17329,282969.0
1742211360000,0.17328,0.17339,0.17318,0.17323,552445.0
1742211420000,0.17323,0.17334,0.17322,0.17333,415324.0
1742211480000,0.17333,0.17374,0.17333,0.17373,440166.0
1742211540000,0.17372,0.17383,0.17367,0.17382,217917.0
1742211600000,0.17381,0.17384,0.17365,0.17379,190093.0
1742211660000,0.1738,0.1738,0.1737,0.17372,191786.0
1742211720000,0.17371,0.17374,0.1736,0.17361,197038.0
1742211780000,0.1736,0.17367,0.17351,0.17352,161388.0
1742211840000,0.17352,0.17352,0.1733,0.17332,234782.0
1742211900000,0.17332,0.17334,0.17315,0.17316,260981.0
1742211960000,0.17315,0.17336,0.17315,0.17334,144386.0
1742212020000,0.17335,0.17339,0.1733,0.17334,76799.0
1742212080000,0.17333,0.17333,0.17306,0.17306,101485.0
1742212140000,0.17307,0.17319,0.17304,0.17314,119161.0
1742212200000,0.17314,0.17321,0.17289,0.17299,210998.0
1742212260000,0.17299,0.17314,0.17298,0.17303,125983.0
1742212320000,0.17304,0.17312,0.17284,0.173,3721880.0
1742212380000,0.173,0.173,0.17295,0.17298,85642.0
1742212440000,0.17299,0.17306,0.17297,0.17297,166357.0
1742212500000,0.17297,0.17312,0.17297,0.17309,134593.0
1742212560000,0.17308,0.17319,0.17305,0.17318,154051.0
1742212620000,0.17319,0.1732,0.17314,0.17315,131995.0
1742212680000,0.17315,0.17315,0.17302,0.17302,38295.0
1742212740000,0.17302,0.17302,0.17294,0.17294,191022.0
1742212800000,0.17294,0.17425,0.17277,0.17376,5817680.0
1742212860000,0.17376,0.1738,0.17322,0.17323,1350465.0
1742212920000,0.17322,0.17322,0.1727,0.17282,673188.0
1742212980000,0.17282,0.17291,0.17252,0.17272,1059062.0
1742213040000,0.17271,0.173,0.17243,0.1729,1306858.0
1742213100000,0.17291,0.17334,0.17273,0.17273,802508.0
1742213160000,0.17272,0.1729,0.17271,0.17286,706503.0
1742213220000,0.17286,0.17308,0.17282,0.17305,272160.0
1742213280000,0.17304,0.17316,0.17297,0.17298,332492.0
1742213340000,0.17299,0.17304,0.17272,0.173,504718.0
1742213400000,0.17301,0.17318,0.17288,0.17292,788203.0
1742213460000,0.17292,0.17315,0.17292,0.17304,327673.0
1742213520000,0.17303,0.17303,0.17268,0.17279,312753.0
1742213580000,0.17279,0.17294,0.17268,0.17272,378220.0
1742213640000,0.17271,0.17271,0.17253,0.1726,156475.0
1742213700000,0.17259,0.17259,0.17205,0.17227,1520312.0
1742213760000,0.17228,0.17244,0.17226,0.17228,240691.0
1742213820000,0.17227,0.17227,0.17182,0.17187,588835.0
1742213880000,0.17187,0.17213,0.17187,0.17213,503562.0
1742213940000,0.17214,0.1723,0.17192,0.17203,447243.0
1742214000000,0.17202,0.17207,0.17171,0.17183,369042.0
1742214060000,0.17183,0.17185,0.17157,0.17171,1788936.0
1742214120000,0.1717,0.1717,0.17138,0.17157,628931.0
1742214180000,0.17157,0.17204,0.17153,0.17204,1288339.0
1742214240000,0.17203,0.17212,0.17203,0.17206,471525.0
1742214300000,0.17206,0.17211,0.17202,0.17207,102980.0
1742214360000,0.17208,0.1722,0.172,0.17215,280332.0
1742214420000,0.17215,0.17215,0.17192,0.17202,222514.0
1742214480000,0.17202,0.1721,0.17196,0.17209,71469.0
1742214540000,0.17209,0.17214,0.17188,0.17194,478425.0
1742214600000,0.17195,0.17393,0.1718,0.17277,20679321.0
1742214660000,0.17276,0.17283,0.17244,0.17278,713647.0
1742214720000,0.17279,0.17339,0.17275,0.17328,1195575.0
1742214780000,0.17327,0.17327,0.17273,0.17306,901295.0
1742214840000,0.17307,0.17338,0.17301,0.1732,514261.0
1742214900000,0.1732,0.17326,0.173,0.17315,631468.0
1742214960000,0.17314,0.17321,0.17271,0.17271,641587.0
1742215020000,0.17271,0.17294,0.17271,0.17294,320180.0
1742215080000,0.17295,0.1731,0.1728,0.17293,230381.0
1742215140000,0.17293,0.17299,0.17187,0.17234,7503299.0
1742215200000,0.17235,0.17236,0.17192,0.17209,459631.0
1742215260000,0.1721,0.17215,0.17191,0.17212,358906.0
1742215320000,0.17211,0.17236,0.17207,0.17228,129912.0
1742215380000,0.17227,0.17231,0.17213,0.17222,156819.0
1742215440000,0.17222,0.17222,0.17204,0.17211,89392.0
1742215500000,0.17211,0.17232,0.17206,0.1722,252535.0
1742215560000,0.17221,0.17251,0.17213,0.17213,1658690.0
1742215620000,0.17213,0.17223,0.17185,0.17196,675873.0
1742215680000,0.17197,0.17199,0.17164,0.17168,264711.0
1742215740000,0.17167,0.1719,0.17162,0.17165,317622.0
1742215800000,0.17165,0.1717,0.1714,0.17158,1083306.0
1742215860000,0.17159,0.17192,0.17159,0.17179,525952.0
1742215920000,0.1718,0.1718,0.17147,0.17152,941022.0
1742215980000,0.17151,0.17151,0.17116,0.17124,1592997.0
1742216040000,0.17123,0.17141,0.17121,0.17137,1006842.0
1742216100000,0.17138,0.1714,0.1712,0.17122,548545.0
1742216160000,0.17121,0.17139,0.17119,0.17124,754668.0
1742216220000,0.17123,0.17152,0.1712,0.17138,441597.0
1742216280000,0.17139,0.17139,0.17128,0.17134,307443.0
1742216340000,0.17133,0.17148,0.17113,0.17113,352819.0
1742216400000,0.17114,0.17127,0.17107,0.17121,476652.0
1742216460000,0.1712,0.17121,0.17094,0.17097,604137.0
1742216520000,0.17097,0.17102,0.17078,0.1708,449503.0
1742216580000,0.17079,0.17096,0.17067,0.17068,680800.0
1742216640000,0.17068,0.17072,0.17033,0.17053,925573.0
1742216700000,0.17053,0.17074,0.17047,0.17063,386228.0
1742216760000,0.17063,0.17069,0.1704,0.17052,543670.0
1742216820000,0.17052,0.17085,0.17052,0.17084,447754.0
1742216880000,0.17084,0.17113,0.17084,0.17111,280906.0
1742216940000,0.17112,0.1713,0.17112,0.17119,325978.0
1742217000000,0.17119,0.17123,0.17095,0.17098,628125.0
1742217060000,0.17098,0.17124,0.17094,0.17122,232376.0
1742217120000,0.17123,0.1715,0.17123,0.17137,464950.0
1742217180000,0.17136,0.17147,0.1713,0.1713,201510.0
1742217240000,0.1713,0.17133,0.17116,0.17119,105779.0
1742217300000,0.1712,0.17153,0.17117,0.17153,655147.0
1742217360000,0.17153,0.17154,0.17125,0.17125,714732.0
1742217420000,0.17124,0.17125,0.17087,0.17092,892916.0
1742217480000,0.17092,0.17105,0.17079,0.17079,561021.0
1742217540000,0.17078,0.17113,0.17076,0.1711,193400.0
1742217600000,0.1711,0.17114,0.17094,0.17114,180379.0
1742217660000,0.17115,0.1712,0.17105,0.17107,196690.0
1742217720000,0.17106,0.17106,0.1707,0.17075,189220.0
1742217780000,0.17076,0.17079,0.17061,0.17065,182732.0
1742217840000,0.17066,0.17078,0.17065,0.17073,164079.0
1742217900000,0.17073,0.17074,0.17061,0.17071,450245.0
1742217960000,0.17072,0.17098,0.17056,0.17087,1159389.0
1742218020000,0.17088,0.17092,0.17074,0.17079,765474.0
1742218080000,0.1708,0.17089,0.1707,0.17075,198578.0
1742218140000,0.17075,0.1708,0.17054,0.17067,137921.0
1742218200000,0.17068,0.17075,0.17037,0.17043,502951.0
1742218260000,0.17042,0.17103,0.17041,0.17093,755223.0
1742218320000,0.17093,0.17104,0.17067,0.17101,546119.0
1742218380000,0.17102,0.17118,0.171,0.17109,603155.0
1742218440000,0.1711,0.17117,0.17089,0.17111,329677.0
1742218500000,0.17112,0.17172,0.17109,0.17161,802611.0
1742218560000,0.17162,0.17242,0.17151,0.17234,1895967.0
1742218620000,0.17235,0.17235,0.17178,0.17191,2037519.0
1742218680000,0.17192,0.17203,0.17178,0.17193,417820.0
1742218740000,0.17192,0.17238,0.1719,0.17225,565268.0
1742218800000,0.17224,0.17226,0.17193,0.17203,588110.0
1742218860000,0.17203,0.17234,0.17203,0.17228,326846.0
1742218920000,0.17228,0.17229,0.17186,0.17187,541908.0
1742218980000,0.17186,0.17186,0.17153,0.17153,711395.0
1742219040000,0.17153,0.17162,0.17143,0.17158,389332.0
1742219100000,0.17158,0.17176,0.17158,0.17164,176330.0
1742219160000,0.17164,0.17174,0.17155,0.17168,197649.0
1742219220000,0.17167,0.17175,0.17112,0.17115,1288919.0
1742219280000,0.17114,0.17114,0.17081,0.17087,640922.0
1742219340000,0.17087,0.17094,0.17057,0.17061,728137.0
1742219400000,0.17062,0.1708,0.17041,0.17076,732746.0
1742219460000,0.17076,0.17103,0.1706,0.1709,439185.0
1742219520000,0.17091,0.17117,0.17091,0.17102,338368.0
1742219580000,0.17103,0.1711,0.1709,0.17097,161399.0
1742219640000,0.17096,0.17132,0.17095,0.17113,3697230.0
1742219700000,0.17112,0.17135,0.17086,0.17089,883022.0
1742219760000,0.17088,0.17097,0.17078,0.17094,212969.0
1742219820000,0.17095,0.17106,0.17095,0.17098,111471.0
1742219880000,0.17099,0.17109,0.17089,0.17093,386142.0
1742219940000,0.17093,0.17103,0.17089,0.17089,231179.0
1742220000000,0.17088,0.17098,0.17073,0.17083,601969.0
1742220060000,0.17082,0.17082,0.17051,0.17051,298962.0
1742220120000,0.17051,0.17069,0.17048,0.17063,484173.0
1742220180000,0.17062,0.17066,0.17019,0.17029,420444.0
1742220240000,0.17028,0.17059,0.17019,0.17056,622249.0
1742220300000,0.17057,0.1706,0.17,0.17001,1558352.0
1742220360000,0.17001,0.17036,0.16995,0.17036,886568.0
1742220420000,0.17037,0.17053,0.17014,0.17024,800463.0
1742220480000,0.17024,0.1705,0.17005,0.17006,477095.0
1742220540000,0.17006,0.17019,0.16974,0.17019,496939.0
1742220600000,0.17018,0.17019,0.16994,0.17002,1619572.0
1742220660000,0.17002,0.17107,0.16975,0.17037,6523223.0
1742220720000,0.17036,0.17086,0.17034,0.17065,677187.0
1742220780000,0.17065,0.17078,0.1704,0.17075,298860.0
1742220840000,0.17076,0.17091,0.17062,0.17068,647037.0
1742220900000,0.17069,0.17073,0.17044,0.17053,389868.0
1742220960000,0.17054,0.17059,0.17008,0.17013,556536.0
1742221020000,0.17014,0.17033,0.17004,0.17021,302239.0
1742221080000,0.17022,0.17038,0.17001,0.17004,241343.0
1742221140000,0.17005,0.17042,0.17002,0.17034,1248629.0
1742221200000,0.17034,0.17048,0.17025,0.17046,295161.0
1742221260000,0.17047,0.17047,0.17017,0.17022,316613.0
1742221320000,0.17021,0.17027,0.17005,0.17021,239299.0
1742221380000,0.17021,0.1705,0.17015,0.17049,582289.0
1742221440000,0.1705,0.17081,0.17047,0.17075,265156.0
1742221500000,0.17076,0.17139,0.17076,0.1708,2233321.0
1742221560000,0.1708,0.17086,0.17057,0.17076,321355.0
1742221620000,0.17077,0.171,0.17075,0.17094,143728.0
1742221680000,0.17095,0.17096,0.17073,0.17084,187261.0
1742221740000,0.17085,0.17088,0.17057,0.17057,520363.0
1742221800000,0.17062,0.17069,0.17042,0.17069,304195.0
1742221860000,0.17069,0.17094,0.17064,0.1708,252471.0
1742221920000,0.17081,0.17113,0.17081,0.17107,206973.0
1742221980000,0.17108,0.1713,0.17101,0.1713,182996.0
1742222040000,0.1713,0.17143,0.17093,0.17096,891266.0
1742222100000,0.17097,0.17147,0.17097,0.17141,298613.0
1742222160000,0.17142,0.17148,0.17101,0.17113,199319.0
1742222220000,0.17114,0.17124,0.17103,0.17122,398900.0
1742222280000,0.17121,0.17163,0.1712,0.17151,338605.0
1742222340000,0.17152,0.17169,0.1715,0.17153,342639.0
1742222400000,0.17154,0.17161,0.17129,0.17131,497829.0
1742222460000,0.17131,0.17131,0.17107,0.17123,151740.0
1742222520000,0.17123,0.17129,0.17121,0.17125,153347.0
1742222580000,0.17125,0.17141,0.17125,0.17138,223488.0
1742222640000,0.17137,0.17172,0.17136,0.17159,260042.0
1742222700000,0.17159,0.17162,0.17136,0.17149,2110266.0
1742222760000,0.1715,0.17153,0.17139,0.17145,157869.0
1742222820000,0.17146,0.17205,0.17145,0.17198,970071.0
1742222880000,0.17199,0.17208,0.17189,0.17208,150219.0
1742222940000,0.17207,0.17212,0.17199,0.17201,152128.0
1742223000000,0.17201,0.17201,0.17174,0.17179,230941.0
1742223060000,0.17179,0.17179,0.17151,0.17156,249019.0
1742223120000,0.17156,0.17156,0.17138,0.17138,56379.0
1742223180000,0.17138,0.17155,0.17136,0.17154,97008.0
1742223240000,0.17154,0.17154,0.17133,0.17142,90962.0
1742223300000,0.17141,0.17141,0.17094,0.17104,384121.0
1742223360000,0.17103,0.17103,0.17087,0.17098,95903.0
1742223420000,0.17098,0.17117,0.17098,0.17113,412725.0
1742223480000,0.17114,0.17121,0.17104,0.17108,145272.0
1742223540000,0.17107,0.17108,0.17099,0.17102,757912.0
1742223600000,0.17103,0.17118,0.17096,0.17116,879901.0
1742223660000,0.17117,0.17131,0.17106,0.17119,652679.0
1742223720000,0.17118,0.17118,0.17052,0.17052,835690.0
1742223780000,0.17053,0.17057,0.17009,0.1701,718960.0
1742223840000,0.17009,0.17025,0.16998,0.17022,1396141.0
1742223900000,0.17022,0.17052,0.17022,0.17052,357636.0
1742223960000,0.17052,0.17056,0.17019,0.17047,3963819.0
1742224020000,0.17047,0.17081,0.17045,0.17072,949456.0
1742224080000,0.17073,0.17091,0.1707,0.17089,302580.0
1742224140000,0.17088,0.171,0.17083,0.17096,120540.0
1742224200000,0.17096,0.17108,0.1707,0.1707,439637.0
1742224260000,0.1707,0.1711,0.1707,0.17106,261901.0
1742224320000,0.17105,0.17134,0.17102,0.17134,459003.0
1742224380000,0.17135,0.17165,0.17135,0.17164,495105.0
1742224440000,0.17165,0.17172,0.1715,0.17157,1057345.0
1742224500000,0.17158,0.17178,0.17154,0.17154,655113.0
1742224560000,0.17155,0.17156,0.17125,0.17156,888232.0
1742224620000,0.17157,0.17216,0.17157,0.17202,1056317.0
1742224680000,0.17202,0.17224,0.17199,0.17202,289487.0
1742224740000,0.17203,0.17206,0.17191,0.17201,326749.0
1742224800000,0.17201,0.17202,0.17171,0.17171,137741.0
1742224860000,0.1717,0.17197,0.17168,0.17186,359294.0
1742224920000,0.17187,0.17216,0.1718,0.17206,133226.0
1742224980000,0.17207,0.17211,0.17183,0.17194,363893.0
1742225040000,0.17194,0.17227,0.17193,0.1722,260122.0
1742225100000,0.17221,0.17251,0.17221,0.17234,674986.0
1742225160000,0.17234,0.17259,0.17234,0.17238,327359.0
1742225220000,0.17237,0.17237,0.17204,0.17208,154185.0
1742225280000,0.17208,0.1723,0.17208,0.17219,125614.0
1742225340000,0.17218,0.17223,0.17192,0.17195,300227.0
1742225400000,0.17194,0.17212,0.17191,0.17211,96699.0
1742225460000,0.17211,0.17219,0.17195,0.17195,160580.0
1742225520000,0.17195,0.17195,0.1717,0.17174,324450.0
1742225580000,0.17173,0.17175,0.1715,0.17159,230985.0
1742225640000,0.17159,0.17159,0.17125,0.17144,367865.0
1742225700000,0.17144,0.17164,0.17141,0.17164,136382.0
1742225760000,0.17165,0.17178,0.17156,0.17177,161643.0
1742225820000,0.17177,0.17209,0.17174,0.17199,92844.0
1742225880000,0.17199,0.17211,0.17198,0.17207,564538.0
1742225940000,0.17206,0.17207,0.17176,0.17179,179137.0
1742226000000,0.17179,0.17194,0.1717,0.17179,236157.0
1742226060000,0.17179,0.17188,0.17159,0.17186,101491.0
1742226120000,0.17186,0.17186,0.17172,0.17175,209052.0
1742226180000,0.17176,0.17176,0.17152,0.17157,205956.0
1742226240000,0.17157,0.17157,0.17143,0.17152,186899.0
1742226300000,0.17151,0.17156,0.17144,0.17155,178332.0
1742226360000,0.17154,0.17186,0.17152,0.17177,426999.0
1742226420000,0.17177,0.17179,0.17148,0.17155,156345.0
1742226480000,0.17155,0.17178,0.17155,0.17176,221493.0
1742226540000,0.17176,0.17176,0.17162,0.17175,163100.0
1742226600000,0.17174,0.17204,0.17166,0.1717,2179836.0
1742226660000,0.1717,0.17223,0.1717,0.17214,1486981.0
1742226720000,0.17215,0.17234,0.17206,0.17222,1520048.0
1742226780000,0.17223,0.17239,0.17204,0.17217,259561.0
1742226840000,0.17217,0.17233,0.17212,0.17225,290903.0
1742226900000,0.17226,0.17239,0.17226,0.17233,298865.0
1742226960000,0.17232,0.1725,0.17231,0.1725,254368.0
1742227020000,0.1725,0.1725,0.17236,0.17237,270715.0
1742227080000,0.17237,0.17259,0.17234,0.17236,1372652.0
1742227140000,0.17237,0.17242,0.17211,0.17221,1408133.0
1742227200000,0.17221,0.1723,0.17211,0.17216,807844.0
1742227260000,0.17216,0.17216,0.17194,0.17198,345913.0
1742227320000,0.17197,0.17221,0.17182,0.17221,303080.0
1742227380000,0.1722,0.17252,0.1722,0.17246,457329.0
1742227440000,0.17246,0.17267,0.17244,0.17262,1568334.0
1742227500000,0.17261,0.17294,0.17257,0.1729,269092.0
1742227560000,0.17291,0.17322,0.17291,0.17316,2689527.0
1742227620000,0.17317,0.17326,0.17306,0.17321,534911.0
1742227680000,0.17321,0.1734,0.17312,0.1734,559590.0
1742227740000,0.1734,0.17343,0.17326,0.17326,1000537.0
1742227800000,0.17327,0.17333,0.17294,0.17294,377604.0
1742227860000,0.17293,0.17293,0.17276,0.1728,286252.0
1742227920000,0.1728,0.17286,0.17267,0.17277,335342.0
1742227980000,0.17277,0.17285,0.17273,0.1728,318316.0
1742228040000,0.17281,0.17287,0.1727,0.17275,150132.0
1742228100000,0.17276,0.17291,0.17261,0.17261,617384.0
1742228160000,0.1726,0.1726,0.17241,0.17245,235945.0
1742228220000,0.17246,0.17278,0.17245,0.17269,69692.0
1742228280000,0.17268,0.17294,0.17268,0.17281,223115.0
1742228340000,0.17281,0.17281,0.17252,0.17277,197016.0
1742228400000,0.17276,0.1729,0.17276,0.17282,138118.0
1742228460000,0.17283,0.17288,0.17265,0.17288,253785.0
1742228520000,0.17288,0.17288,0.17254,0.1727,291725.0
1742228580000,0.1727,0.1727,0.17242,0.17243,159312.0
1742228640000,0.17242,0.17242,0.17225,0.17239,157887.0
1742228700000,0.17238,0.17247,0.17235,0.17243,84251.0
1742228760000,0.17242,0.17242,0.1722,0.17225,179613.0
1742228820000,0.17225,0.17227,0.17216,0.17226,93816.0
1742228880000,0.17226,0.17247,0.17223,0.17241,235495.0
1742228940000,0.17241,0.17259,0.17241,0.17253,237665.0
1742229000000,0.17254,0.17278,0.17249,0.17275,237908.0
1742229060000,0.17275,0.17298,0.17274,0.17276,219385.0
1742229120000,0.17276,0.17278,0.17246,0.17246,279685.0
1742229180000,0.17246,0.17251,0.17228,0.17228,122753.0
1742229240000,0.17228,0.17232,0.17208,0.1721,425418.0
1742229300000,0.1721,0.17215,0.17204,0.17212,274618.0
1742229360000,0.17213,0.17225,0.17203,0.17203,317882.0
1742229420000,0.17202,0.1721,0.17191,0.17199,271698.0
1742229480000,0.17198,0.17213,0.17194,0.17201,578551.0
1742229540000,0.172,0.17203,0.1718,0.17182,264646.0
1742229600000,0.17182,0.17186,0.17172,0.17185,203681.0
1742229660000,0.17184,0.17184,0.17147,0.17153,600364.0
1742229720000,0.17153,0.17153,0.17133,0.17139,346742.0
1742229780000,0.17139,0.17156,0.17138,0.17138,208537.0
1742229840000,0.17139,0.1716,0.17139,0.17149,161979.0
1742229900000,0.17149,0.17163,0.17143,0.17153,118528.0
1742229960000,0.17152,0.17159,0.17126,0.17131,609491.0
1742230020000,0.17131,0.17164,0.17124,0.17161,243123.0
1742230080000,0.17161,0.17167,0.17143,0.17166,2492595.0
1742230140000,0.17167,0.17193,0.17167,0.17192,244220.0
1742230200000,0.17193,0.17208,0.17188,0.17188,216117.0
1742230260000,0.17188,0.172,0.17177,0.17186,206657.0
1742230320000,0.17186,0.17207,0.17186,0.17202,1206454.0
1742230380000,0.17201,0.17211,0.17191,0.17207,127901.0
1742230440000,0.17206,0.17206,0.17185,0.17186,118504.0
1742230500000,0.17187,0.17197,0.17182,0.17185,106017.0
1742230560000,0.17184,0.17219,0.1718,0.17218,207319.0
1742230620000,0.17218,0.17218,0.17204,0.17214,291565.0
1742230680000,0.17214,0.17214,0.17201,0.17202,251364.0
1742230740000,0.17201,0.17203,0.17198,0.17199,77037.0
1742230800000,0.17199,0.17199,0.1716,0.17165,193425.0
1742230860000,0.17166,0.17193,0.17163,0.17185,206586.0
1742230920000,0.17184,0.17214,0.17184,0.17214,84812.0
1742230980000,0.17215,0.17223,0.17199,0.17209,934165.0
1742231040000,0.17209,0.17232,0.17209,0.17227,149548.0
1742231100000,0.17226,0.17259,0.17226,0.17256,430720.0
1742231160000,0.17256,0.17277,0.17256,0.17267,107520.0
1742231220000,0.17267,0.17316,0.17267,0.17301,3682880.0
1742231280000,0.17301,0.17304,0.17277,0.17278,638246.0
1742231340000,0.17278,0.17287,0.17274,0.17287,203778.0
1742231400000,0.17288,0.17289,0.17274,0.17278,66258.0
1742231460000,0.17279,0.17292,0.17275,0.17284,163685.0
1742231520000,0.17284,0.17303,0.1728,0.17303,329479.0
1742231580000,0.17303,0.17304,0.17293,0.17294,168943.0
1742231640000,0.17294,0.17301,0.17283,0.17301,199953.0
1742231700000,0.17301,0.17306,0.17298,0.17301,121406.0
1742231760000,0.17301,0.17302,0.1728,0.17284,289112.0
1742231820000,0.17283,0.17306,0.1728,0.17297,229533.0
1742231880000,0.17296,0.17302,0.17292,0.17302,68225.0
1742231940000,0.17301,0.17306,0.17291,0.17291,187292.0
1742232000000,0.17291,0.17294,0.17265,0.17273,150429.0
1742232060000,0.17273,0.17305,0.17273,0.17305,141907.0
1742232120000,0.17305,0.17334,0.17305,0.17331,355320.0
1742232180000,0.1733,0.1733,0.17313,0.17313,99837.0
1742232240000,0.17313,0.17327,0.17308,0.17327,140844.0
1742232300000,0.17327,0.17349,0.17327,0.17345,155081.0
1742232360000,0.17345,0.17345,0.17324,0.17326,77900.0
1742232420000,0.17325,0.17341,0.17325,0.17334,136127.0
1742232480000,0.17333,0.17333,0.17318,0.17319,434000.0
1742232540000,0.17319,0.17326,0.17303,0.17307,155678.0
1742232600000,0.17307,0.17308,0.17279,0.17279,249783.0
1742232660000,0.17278,0.17299,0.17276,0.17295,114366.0
1742232720000,0.17294,0.17315,0.17287,0.17315,49461.0
1742232780000,0.17316,0.17372,0.17316,0.17367,2299159.0
1742232840000,0.17366,0.17373,0.1736,0.17362,505515.0
1742232900000,0.17362,0.17375,0.17344,0.17367,271924.0
1742232960000,0.17367,0.1739,0.17367,0.17387,265946.0
1742233020000,0.17388,0.174,0.17359,0.17361,474426.0
1742233080000,0.17362,0.17375,0.17361,0.17369,304703.0
1742233140000,0.17369,0.17369,0.1735,0.17366,1806187.0
1742233200000,0.17366,0.17395,0.17366,0.17395,254130.0
1742233260000,0.17394,0.17396,0.17386,0.17389,358984.0
1742233320000,0.1739,0.17422,0.1739,0.17419,1974606.0
1742233380000,0.1742,0.17453,0.1742,0.1745,1814594.0
1742233440000,0.1745,0.17454,0.17444,0.17451,505102.0
1742233500000,0.17451,0.17454,0.17431,0.17434,715780.0
1742233560000,0.17433,0.17433,0.17392,0.17392,253812.0
1742233620000,0.17391,0.17419,0.1739,0.17417,418670.0
1742233680000,0.17416,0.17449,0.17414,0.17444,579022.0
1742233740000,0.17444,0.17448,0.17435,0.17446,60233.0
1742233800000,0.17446,0.17464,0.17446,0.1745,557267.0
1742233860000,0.1745,0.17463,0.1745,0.17458,247840.0
1742233920000,0.17458,0.17494,0.17458,0.17486,1474217.0
1742233980000,0.17486,0.17493,0.1748,0.17481,439987.0
1742234040000,0.17481,0.17485,0.17474,0.1748,305007.0
1742234100000,0.17479,0.17483,0.17463,0.17472,194404.0
1742234160000,0.17472,0.17474,0.17438,0.17438,694791.0
1742234220000,0.17438,0.17465,0.17438,0.17459,121762.0
1742234280000,0.1746,0.17461,0.17441,0.17442,133482.0
1742234340000,0.17442,0.17443,0.17435,0.17438,145491.0
1742234400000,0.17438,0.17488,0.17435,0.1746,3949875.0
1742234460000,0.1746,0.17463,0.17445,0.17462,200038.0
1742234520000,0.17462,0.17485,0.17462,0.17473,354464.0
1742234580000,0.17472,0.17472,0.17446,0.17447,158008.0
1742234640000,0.17447,0.17472,0.17447,0.17467,101377.0
1742234700000,0.17466,0.17481,0.17465,0.17475,972817.0
1742234760000,0.17475,0.17494,0.17438,0.17439,921516.0
1742234820000,0.17438,0.17472,0.17432,0.1744,5436834.0
1742234880000,0.1744,0.17489,0.1744,0.17472,2598642.0
1742234940000,0.17471,0.17477,0.17436,0.17445,1476241.0
1742235000000,0.17444,0.17452,0.1742,0.1743,6082357.0
1742235060000,0.17431,0.17453,0.17425,0.17445,3340557.0
1742235120000,0.17444,0.17449,0.17421,0.17443,2969402.0
1742235180000,0.17444,0.17482,0.17438,0.17482,1723894.0
1742235240000,0.17481,0.1749,0.17468,0.17478,587644.0
1742235300000,0.17477,0.175,0.17473,0.175,858291.0
1742235360000,0.175,0.17539,0.17492,0.175,12291776.0
1742235420000,0.175,0.17554,0.17495,0.1754,7446492.0
1742235480000,0.17541,0.17555,0.17525,0.17554,5244337.0
1742235540000,0.17554,0.17554,0.17504,0.17527,3307566.0
1742235600000,0.17527,0.17548,0.17517,0.17545,3631461.0
1742235660000,0.17545,0.17545,0.17494,0.175,5086820.0
1742235720000,0.175,0.17518,0.17494,0.17518,5342753.0
1742235780000,0.17519,0.17521,0.17486,0.17501,1563002.0
1742235840000,0.17502,0.17516,0.175,0.17516,615180.0
1742235900000,0.17516,0.17522,0.17498,0.17504,1799926.0
1742235960000,0.17504,0.17507,0.1749,0.17497,3747581.0
1742236020000,0.17497,0.17506,0.17492,0.175,1827702.0
1742236080000,0.17499,0.175,0.1748,0.17494,401896.0
1742236140000,0.17494,0.17498,0.17489,0.17495,372771.0
1742236200000,0.17496,0.17529,0.1749,0.17529,2093191.0
1742236260000,0.17528,0.17541,0.17522,0.17538,661912.0
1742236320000,0.17539,0.17556,0.17502,0.17531,8208428.0
1742236380000,0.1753,0.17548,0.17527,0.17537,2179543.0
1742236440000,0.17537,0.17553,0.17537,0.17546,923678.0
1742236500000,0.17546,0.17558,0.17536,0.17549,605572.0
1742236560000,0.17549,0.17551,0.17525,0.17541,2259589.0
1742236620000,0.17542,0.17557,0.17542,0.17546,1667676.0
1742236680000,0.17546,0.17598,0.17546,0.17576,2431880.0
1742236740000,0.17575,0.17587,0.17533,0.17557,6776423.0
1742236800000,0.17558,0.17569,0.17547,0.17557,2378693.0
1742236860000,0.17556,0.17559,0.17525,0.17543,6014871.0
1742236920000,0.17544,0.17558,0.17543,0.17552,842492.0
1742236980000,0.17553,0.17567,0.17549,0.17567,557933.0
1742237040000,0.17568,0.17584,0.17567,0.17574,444321.0
1742237100000,0.17574,0.17582,0.17538,0.17544,585341.0
1742237160000,0.17543,0.17552,0.17535,0.17552,556959.0
1742237220000,0.17552,0.17593,0.17544,0.17589,1313064.0
1742237280000,0.17589,0.17622,0.17567,0.17583,4873807.0
1742237340000,0.17583,0.17606,0.17571,0.17589,2225607.0
1742237400000,0.17588,0.17604,0.17569,0.17573,1582990.0
1742237460000,0.17573,0.17587,0.17563,0.1758,651519.0
1742237520000,0.1758,0.176,0.1758,0.17596,434045.0
1742237580000,0.17596,0.1761,0.17594,0.17599,448532.0
1742237640000,0.17598,0.1761,0.17588,0.17593,614135.0
1742237700000,0.17594,0.17599,0.17579,0.1758,212818.0
1742237760000,0.1758,0.17586,0.1757,0.17576,355121.0
1742237820000,0.17576,0.17577,0.17553,0.17558,255329.0
1742237880000,0.17558,0.17565,0.17548,0.17565,593143.0
1742237940000,0.17565,0.17581,0.17559,0.17577,923341.0
1742238000000,0.17576,0.17604,0.1757,0.17592,547778.0
1742238060000,0.17593,0.17615,0.17577,0.1759,1608638.0
1742238120000,0.17591,0.17591,0.1756,0.17563,559277.0
1742238180000,0.17563,0.17572,0.17552,0.17553,388773.0
1742238240000,0.17552,0.17564,0.1755,0.17558,191972.0
1742238300000,0.17558,0.17592,0.17554,0.17592,209812.0
1742238360000,0.17592,0.17593,0.17576,0.17584,225500.0
1742238420000,0.17583,0.17599,0.17579,0.17592,184717.0
1742238480000,0.17592,0.17601,0.17592,0.17594,282162.0
1742238540000,0.17593,0.17593,0.17565,0.17565,255599.0
1742238600000,0.17565,0.17569,0.17553,0.17553,100282.0
1742238660000,0.17554,0.17555,0.17539,0.17542,386044.0
1742238720000,0.17542,0.17561,0.17542,0.17561,374983.0
1742238780000,0.17562,0.17565,0.17547,0.17565,354149.0
1742238840000,0.17566,0.17567,0.17558,0.1756,259071.0
1742238900000,0.1756,0.17568,0.17547,0.17558,372742.0
1742238960000,0.17557,0.17567,0.17537,0.17541,164057.0
1742239020000,0.1754,0.17545,0.17523,0.1753,179178.0
1742239080000,0.1753,0.17541,0.17509,0.17513,1469256.0
1742239140000,0.17513,0.17532,0.17512,0.17518,569921.0
1742239200000,0.17518,0.17534,0.17517,0.17529,339150.0
1742239260000,0.1753,0.17539,0.17517,0.17517,239859.0
1742239320000,0.17516,0.17546,0.17514,0.1754,302335.0
1742239380000,0.1754,0.17547,0.17537,0.17543,79743.0
1742239440000,0.17542,0.17548,0.17542,0.17544,119463.0
1742239500000,0.17543,0.17562,0.17539,0.1755,606704.0
1742239560000,0.17549,0.1755,0.17524,0.1753,211990.0
1742239620000,0.17531,0.17532,0.17525,0.17531,108531.0
1742239680000,0.17531,0.1754,0.17528,0.17534,59632.0
1742239740000,0.17533,0.17539,0.17532,0.17533,132487.0
1742239800000,0.17533,0.1755,0.17525,0.1755,606931.0
1742239860000,0.1755,0.1757,0.17542,0.17561,2665306.0
1742239920000,0.17561,0.17571,0.17554,0.1756,2502417.0
1742239980000,0.1756,0.17565,0.17553,0.17563,214435.0
1742240040000,0.17563,0.17563,0.17541,0.17541,118101.0
1742240100000,0.1754,0.1754,0.1753,0.17535,124701.0
1742240160000,0.17536,0.17569,0.17533,0.17565,3416370.0
1742240220000,0.17564,0.17596,0.17564,0.17569,2169612.0
1742240280000,0.17569,0.17577,0.17559,0.17574,259490.0
1742240340000,0.17574,0.17593,0.17571,0.17576,245233.0
1742240400000,0.17577,0.17596,0.17577,0.1759,160512.0
1742240460000,0.1759,0.17596,0.17581,0.17581,188170.0
1742240520000,0.17581,0.17591,0.17573,0.17591,179414.0
1742240580000,0.17592,0.17596,0.17583,0.17592,37852.0
1742240640000,0.17593,0.17603,0.17593,0.17597,1356378.0
1742240700000,0.17596,0.176,0.17594,0.17594,295191.0
1742240760000,0.17595,0.17607,0.17595,0.17601,368477.0
1742240820000,0.176,0.17611,0.176,0.17609,308062.0
1742240880000,0.1761,0.1761,0.17574,0.17575,246301.0
1742240940000,0.17575,0.17586,0.17572,0.17572,386742.0
1742241000000,0.17572,0.17572,0.17553,0.17559,179182.0
1742241060000,0.17559,0.17562,0.1754,0.17542,358761.0
1742241120000,0.17541,0.17552,0.1754,0.17549,86221.0
1742241180000,0.17549,0.1755,0.1754,0.17549,24860.0
1742241240000,0.17548,0.17551,0.17534,0.17543,425496.0
1742241300000,0.17543,0.17544,0.17516,0.17516,269319.0
1742241360000,0.17516,0.17527,0.1748,0.17505,2476604.0
1742241420000,0.17504,0.1751,0.17497,0.17508,313182.0
1742241480000,0.17507,0.1751,0.17502,0.17504,435316.0
1742241540000,0.17503,0.17505,0.1749,0.17492,437149.0
1742241600000,0.17492,0.17507,0.17491,0.17499,381447.0
1742241660000,0.17498,0.17498,0.17456,0.17459,1092630.0
1742241720000,0.17459,0.17475,0.17453,0.17464,1378785.0
1742241780000,0.17464,0.17464,0.17447,0.17447,1161541.0
1742241840000,0.17447,0.17452,0.17436,0.17452,629291.0
1742241900000,0.17452,0.17459,0.17448,0.17453,303674.0
1742241960000,0.17454,0.17461,0.17453,0.1746,172521.0
1742242020000,0.1746,0.17462,0.17454,0.17455,132810.0
1742242080000,0.17455,0.1747,0.1745,0.17466,683163.0
1742242140000,0.17466,0.17478,0.17466,0.17468,105443.0
1742242200000,0.17468,0.17497,0.17463,0.1749,884646.0
1742242260000,0.17491,0.17491,0.17481,0.17485,87624.0
1742242320000,0.17484,0.17484,0.17478,0.17483,117361.0
1742242380000,0.17482,0.17492,0.17482,0.17486,150223.0
1742242440000,0.17485,0.17485,0.17478,0.17478,140239.0
1742242500000,0.17477,0.17493,0.17477,0.17493,298447.0
1742242560000,0.17493,0.17513,0.17487,0.17487,744892.0
1742242620000,0.17487,0.17487,0.17466,0.17466,388628.0
1742242680000,0.17467,0.17479,0.17464,0.17472,359896.0
1742242740000,0.17473,0.17473,0.17464,0.17464,296342.0
1742242800000,0.17465,0.17473,0.17465,0.17466,48838.0
1742242860000,0.17467,0.17467,0.17439,0.17443,106625.0
1742242920000,0.17443,0.17453,0.17443,0.17444,106339.0
1742242980000,0.17443,0.17448,0.17441,0.17447,54761.0
1742243040000,0.17446,0.17446,0.17436,0.17442,215417.0
1742243100000,0.17443,0.17446,0.17428,0.17433,341195.0
1742243160000,0.17434,0.17437,0.17417,0.17419,165230.0
1742243220000,0.1742,0.17428,0.17418,0.17423,216656.0
1742243280000,0.17423,0.17424,0.17417,0.17418,89356.0
1742243340000,0.17418,0.1743,0.17416,0.17429,167491.0
1742243400000,0.17428,0.17438,0.17428,0.17434,115026.0
1742243460000,0.17434,0.17443,0.17431,0.17443,156513.0
1742243520000,0.17443,0.17448,0.17406,0.17413,1026981.0
1742243580000,0.17413,0.17431,0.17405,0.17431,247353.0
1742243640000,0.17431,0.17433,0.17411,0.17412,144085.0
1742243700000,0.17411,0.17411,0.17389,0.17389,750765.0
1742243760000,0.1739,0.17404,0.1739,0.174,1061723.0
1742243820000,0.174,0.174,0.17381,0.17382,283605.0
1742243880000,0.17382,0.17388,0.17365,0.17386,1211521.0
1742243940000,0.17387,0.17387,0.17373,0.17375,162312.0
1742244000000,0.17375,0.17385,0.17371,0.17383,335047.0
1742244060000,0.17382,0.17384,0.17375,0.17376,340661.0
1742244120000,0.17376,0.1738,0.1737,0.17378,182629.0
1742244180000,0.17377,0.17396,0.17377,0.17396,58269.0
1742244240000,0.17396,0.17405,0.17396,0.17405,342546.0
1742244300000,0.17405,0.17427,0.17399,0.17425,105477.0
1742244360000,0.17424,0.1743,0.17422,0.17425,188615.0
1742244420000,0.17424,0.1744,0.1742,0.17438,211499.0
1742244480000,0.17437,0.17437,0.17425,0.17425,241686.0
1742244540000,0.17425,0.17434,0.1742,0.1742,248207.0
1742244600000,0.17419,0.17432,0.17418,0.17431,76840.0
1742244660000,0.17431,0.17438,0.17424,0.17424,173073.0
1742244720000,0.17423,0.17423,0.17389,0.17392,165282.0
1742244780000,0.17392,0.17395,0.17391,0.17391,229176.0
1742244840000,0.17391,0.17392,0.17382,0.17382,160453.0
1742244900000,0.17382,0.17382,0.17371,0.17376,156252.0
1742244960000,0.17375,0.17375,0.17362,0.17363,152405.0
1742245020000,0.17363,0.17363,0.17345,0.17349,7615138.0
1742245080000,0.1735,0.17353,0.17343,0.17345,401793.0
1742245140000,0.17345,0.17357,0.17345,0.17354,119632.0
1742245200000,0.17355,0.1737,0.17351,0.17369,429200.0
1742245260000,0.17369,0.17373,0.17359,0.17362,318615.0
1742245320000,0.17362,0.17389,0.17362,0.17387,342867.0
1742245380000,0.17387,0.17387,0.17362,0.17362,308075.0
1742245440000,0.17362,0.17388,0.17361,0.17378,107947.0
1742245500000,0.17378,0.17382,0.17359,0.17364,159802.0
1742245560000,0.17363,0.17373,0.17355,0.17363,290644.0
1742245620000,0.17363,0.17363,0.17353,0.17354,158629.0
1742245680000,0.17353,0.17363,0.17344,0.17361,123325.0
1742245740000,0.17362,0.17363,0.17361,0.17363,187704.0
1742245800000,0.17362,0.17363,0.1736,0.17362,198662.0
1742245860000,0.17361,0.17368,0.17361,0.17363,188439.0
1742245920000,0.17362,0.17368,0.17359,0.17364,477435.0
1742245980000,0.17364,0.17371,0.17364,0.17365,249597.0
1742246040000,0.17364,0.17383,0.17364,0.17383,218343.0
1742246100000,0.17383,0.17399,0.17383,0.17396,350360.0
1742246160000,0.17396,0.17412,0.17393,0.17395,436605.0
1742246220000,0.17395,0.17412,0.17394,0.17407,237542.0
1742246280000,0.17407,0.17408,0.174,0.17406,67598.0
1742246340000,0.17405,0.17405,0.17397,0.17398,83316.0
1742246400000,0.17398,0.17402,0.17385,0.17385,131348.0
1742246460000,0.17384,0.17439,0.1735,0.17433,1147190.0
1742246520000,0.17432,0.17482,0.17416,0.17423,1102799.0
1742246580000,0.17424,0.17426,0.17397,0.1741,302300.0
1742246640000,0.1741,0.17411,0.17389,0.17392,206463.0
1742246700000,0.17393,0.17401,0.17393,0.17394,60353.0
1742246760000,0.17394,0.17395,0.17382,0.17382,353905.0
1742246820000,0.17381,0.17387,0.17381,0.17386,19456.0
1742246880000,0.17386,0.17386,0.17367,0.17384,783391.0
1742246940000,0.17383,0.17383,0.17377,0.17378,62234.0
1742247000000,0.17377,0.17377,0.17363,0.17363,312395.0
1742247060000,0.17364,0.17403,0.17363,0.174,328900.0
1742247120000,0.17401,0.17402,0.17389,0.17389,121912.0
1742247180000,0.17389,0.17389,0.17382,0.17382,90850.0
1742247240000,0.17382,0.17403,0.17382,0.17402,88956.0
1742247300000,0.17402,0.17402,0.17391,0.17392,42206.0
1742247360000,0.17392,0.17417,0.17392,0.17417,154265.0
1742247420000,0.17416,0.17442,0.17415,0.17428,1202676.0
1742247480000,0.17427,0.1743,0.17419,0.17425,70012.0
1742247540000,0.17425,0.17429,0.17418,0.17425,817936.0
1742247600000,0.17425,0.17426,0.17416,0.17416,104339.0
1742247660000,0.17416,0.1743,0.17416,0.17423,157285.0
1742247720000,0.17422,0.17423,0.17414,0.17414,56255.0
1742247780000,0.17414,0.17444,0.17408,0.17441,342557.0
1742247840000,0.17442,0.17446,0.17426,0.17427,437039.0
1742247900000,0.17426,0.17432,0.17419,0.17432,80064.0
1742247960000,0.17433,0.17474,0.17433,0.17473,249469.0
1742248020000,0.17474,0.17481,0.17463,0.17481,103807.0
1742248080000,0.17481,0.17481,0.17469,0.1747,150702.0
1742248140000,0.1747,0.17473,0.17466,0.17469,117124.0
1742248200000,0.17468,0.1747,0.17466,0.17466,23295.0
1742248260000,0.17467,0.17467,0.17466,0.17466,25842.0
1742248320000,0.17467,0.17473,0.17466,0.17473,37757.0
1742248380000,0.17473,0.17481,0.17471,0.1748,152495.0
1742248440000,0.17481,0.17491,0.1748,0.17488,268004.0
1742248500000,0.17489,0.1749,0.17462,0.17474,218707.0
1742248560000,0.17473,0.17475,0.17469,0.17471,92048.0
1742248620000,0.17471,0.17476,0.17463,0.17463,108111.0
1742248680000,0.17462,0.17462,0.17443,0.17447,143663.0
1742248740000,0.17446,0.17453,0.17442,0.17443,137464.0
1742248800000,0.17444,0.17457,0.17421,0.17422,315471.0
1742248860000,0.17422,0.17453,0.17422,0.17439,297501.0
1742248920000,0.17439,0.17439,0.17413,0.17427,822712.0
1742248980000,0.17426,0.17438,0.17418,0.17438,204179.0
1742249040000,0.17438,0.17438,0.17408,0.17408,145199.0
1742249100000,0.17407,0.17417,0.17402,0.17404,99713.0
1742249160000,0.17404,0.17417,0.17404,0.1741,28386.0
1742249220000,0.17409,0.17411,0.17402,0.1741,41567.0
1742249280000,0.17411,0.17416,0.17402,0.17416,81680.0
1742249340000,0.17416,0.17423,0.17416,0.17417,38208.0
1742249400000,0.17417,0.17446,0.17416,0.17434,435661.0
1742249460000,0.17434,0.17434,0.17429,0.17429,64453.0
1742249520000,0.17429,0.17436,0.17427,0.17431,151080.0
1742249580000,0.17431,0.17438,0.1743,0.1743,429916.0
1742249640000,0.17429,0.17435,0.17428,0.1743,223879.0
1742249700000,0.1743,0.17435,0.17429,0.1743,725192.0
1742249760000,0.17429,0.17437,0.17427,0.17437,329770.0
1742249820000,0.17437,0.1744,0.17436,0.17437,83651.0
1742249880000,0.17436,0.17438,0.17435,0.17436,24684.0
1742249940000,0.17435,0.17441,0.17427,0.17428,158528.0
1742250000000,0.17427,0.17429,0.17418,0.17419,53811.0
1742250060000,0.17419,0.17425,0.17419,0.17421,126908.0
1742250120000,0.17422,0.17427,0.17411,0.17412,260374.0
1742250180000,0.17412,0.17423,0.17411,0.1742,246313.0
1742250240000,0.17419,0.17443,0.17419,0.17443,146727.0
1742250300000,0.17443,0.17454,0.17422,0.17425,2482059.0
1742250360000,0.17424,0.17431,0.17421,0.17431,164672.0
1742250420000,0.17432,0.17439,0.17432,0.17439,156977.0
1742250480000,0.17439,0.17439,0.17427,0.17429,93799.0
1742250540000,0.17429,0.17439,0.17429,0.17433,190944.0
1742250600000,0.17434,0.1744,0.17433,0.17439,54853.0
1742250660000,0.17439,0.17443,0.17433,0.17443,62186.0
1742250720000,0.17442,0.17442,0.17423,0.17437,122774.0
1742250780000,0.17438,0.17452,0.17438,0.17452,163619.0
1742250840000,0.17452,0.17469,0.17452,0.17463,150794.0
1742250900000,0.17463,0.17463,0.17453,0.17454,105365.0
1742250960000,0.17454,0.17462,0.17453,0.17462,55362.0
1742251020000,0.17461,0.17467,0.17458,0.17465,55033.0
1742251080000,0.17465,0.17465,0.17453,0.17456,71870.0
1742251140000,0.17457,0.17458,0.17451,0.17452,761489.0
1742251200000,0.17452,0.17452,0.17438,0.17438,50299.0
1742251260000,0.17438,0.17443,0.17438,0.17439,151258.0
1742251320000,0.17438,0.17443,0.17438,0.17443,12154.0
1742251380000,0.17442,0.17443,0.17436,0.17436,25358.0
1742251440000,0.17436,0.17442,0.17435,0.1744,170699.0
1742251500000,0.1744,0.1744,0.1743,0.17433,47572.0
1742251560000,0.17433,0.1744,0.17433,0.17433,114278.0
1742251620000,0.17433,0.17448,0.17433,0.17442,64525.0
1742251680000,0.17442,0.17442,0.17433,0.17434,73187.0
1742251740000,0.17433,0.17438,0.17433,0.17436,495098.0
1742251800000,0.17437,0.17442,0.17434,0.1744,94211.0
1742251860000,0.17441,0.17461,0.17441,0.17461,84879.0
1742251920000,0.17461,0.17461,0.17457,0.17461,35651.0
1742251980000,0.17461,0.17466,0.17461,0.17466,20635.0
1742252040000,0.17466,0.17469,0.1746,0.1746,24500.0
1742252100000,0.17459,0.1746,0.17455,0.17458,33853.0
1742252160000,0.17457,0.17457,0.17451,0.17451,37599.0
1742252220000,0.17452,0.17457,0.17446,0.17447,23019.0
1742252280000,0.17446,0.17451,0.17444,0.17448,39309.0
1742252340000,0.17447,0.17447,0.17441,0.17443,48682.0
1742252400000,0.17444,0.17446,0.17422,0.17426,363848.0
1742252460000,0.17425,0.17432,0.17425,0.17431,186337.0
1742252520000,0.1743,0.1743,0.17393,0.17394,309880.0
1742252580000,0.17395,0.174,0.17394,0.17394,208771.0
1742252640000,0.17394,0.17399,0.17385,0.17385,26313.0
1742252700000,0.17385,0.17386,0.17371,0.17383,223670.0
1742252760000,0.17383,0.17396,0.17383,0.17391,89232.0
1742252820000,0.1739,0.17404,0.17389,0.17397,156805.0
1742252880000,0.17397,0.17399,0.17397,0.17399,14583.0
1742252940000,0.17398,0.17398,0.1739,0.17396,114027.0
1742253000000,0.17396,0.17399,0.17385,0.17385,27829.0
1742253060000,0.17386,0.17386,0.17376,0.1738,182078.0
1742253120000,0.1738,0.1738,0.17373,0.17374,47709.0
1742253180000,0.17375,0.17379,0.1737,0.17379,138860.0
1742253240000,0.17378,0.17378,0.1737,0.17376,22138.0
1742253300000,0.17376,0.17383,0.17373,0.17379,53086.0
1742253360000,0.17379,0.17397,0.17378,0.17395,79701.0
1742253420000,0.17394,0.17394,0.1738,0.17384,72090.0
1742253480000,0.17383,0.17383,0.17373,0.17376,126136.0
1742253540000,0.17376,0.17383,0.17374,0.17375,162710.0
1742253600000,0.17374,0.17375,0.17363,0.17369,137971.0
1742253660000,0.17368,0.17368,0.17353,0.17356,132610.0
1742253720000,0.17357,0.17366,0.17356,0.17366,120154.0
1742253780000,0.17366,0.17368,0.17349,0.1735,138280.0
1742253840000,0.1735,0.17354,0.17347,0.1735,171370.0
1742253900000,0.1735,0.17358,0.17349,0.17354,21569.0
1742253960000,0.17353,0.17353,0.17334,0.17336,315843.0
1742254020000,0.17335,0.17335,0.17323,0.1733,478472.0
1742254080000,0.1733,0.1733,0.17325,0.17325,35372.0
1742254140000,0.17324,0.17325,0.17319,0.1732,101835.0
1742254200000,0.17321,0.17325,0.17317,0.1732,209568.0
1742254260000,0.17321,0.17322,0.17297,0.17314,963915.0
1742254320000,0.17313,0.17314,0.17301,0.17312,135493.0
1742254380000,0.17311,0.17333,0.17308,0.1733,374322.0
1742254440000,0.1733,0.1733,0.17317,0.1732,294134.0
1742254500000,0.17321,0.17354,0.17321,0.1735,280684.0
1742254560000,0.1735,0.17358,0.17338,0.17341,102648.0
1742254620000,0.17341,0.17351,0.17339,0.17351,76040.0
1742254680000,0.17351,0.17355,0.17347,0.17354,53066.0
1742254740000,0.17354,0.17357,0.17343,0.17343,39620.0
1742254800000,0.17343,0.17357,0.17343,0.17357,42918.0
1742254860000,0.17357,0.17367,0.17354,0.17365,98677.0
1742254920000,0.17364,0.17374,0.17363,0.17374,339112.0
1742254980000,0.17375,0.17379,0.17371,0.17377,53677.0
1742255040000,0.17378,0.17383,0.17377,0.1738,187010.0
1742255100000,0.17381,0.1739,0.17381,0.17388,120789.0
1742255160000,0.17388,0.17389,0.17376,0.17376,634930.0
1742255220000,0.17376,0.17376,0.17367,0.17368,209930.0
1742255280000,0.17368,0.17382,0.17365,0.17381,74647.0
1742255340000,0.17382,0.17389,0.17374,0.17377,249065.0
1742255400000,0.17377,0.17377,0.17363,0.17365,250197.0
1742255460000,0.17366,0.17366,0.17355,0.17356,98099.0
1742255520000,0.17357,0.17357,0.17343,0.17344,178882.0
1742255580000,0.17343,0.17347,0.1734,0.1734,87678.0
1742255640000,0.1734,0.17345,0.17339,0.17343,20911.0
1742255700000,0.17342,0.17343,0.17331,0.17343,101667.0
1742255760000,0.17343,0.1735,0.1734,0.17345,50854.0
1742255820000,0.17346,0.17346,0.17337,0.17342,252272.0
1742255880000,0.17341,0.17342,0.17329,0.1734,92964.0
1742255940000,0.1734,0.17341,0.17332,0.17332,16236.0
1742256000000,0.17333,0.17349,0.17328,0.17349,552095.0
1742256060000,0.17349,0.17349,0.17326,0.17332,310921.0
1742256120000,0.17332,0.17332,0.17313,0.17323,459585.0
1742256180000,0.17323,0.17332,0.17305,0.17309,290926.0
1742256240000,0.17309,0.17313,0.17302,0.17313,377345.0
1742256300000,0.17313,0.17324,0.1731,0.17323,200711.0
1742256360000,0.17323,0.17323,0.17307,0.17316,140788.0
1742256420000,0.17315,0.17333,0.17306,0.1733,270045.0
1742256480000,0.17331,0.17331,0.17309,0.17314,55597.0
1742256540000,0.17313,0.17319,0.17304,0.17316,110832.0
1742256600000,0.17315,0.17317,0.17301,0.17307,1259206.0
1742256660000,0.17307,0.17307,0.17287,0.17289,781626.0
1742256720000,0.17288,0.17288,0.1727,0.1727,629512.0
1742256780000,0.17269,0.17278,0.17262,0.17269,1073015.0
1742256840000,0.1727,0.17272,0.17244,0.17251,930832.0
1742256900000,0.17252,0.17268,0.17252,0.1726,254045.0
1742256960000,0.17261,0.17265,0.1726,0.17265,69673.0
1742257020000,0.17266,0.17286,0.17258,0.17284,106080.0
1742257080000,0.17285,0.17293,0.17273,0.17292,94558.0
1742257140000,0.17293,0.17293,0.17281,0.17285,47318.0
1742257200000,0.17285,0.17295,0.17284,0.17295,86642.0
1742257260000,0.17296,0.17318,0.17296,0.17305,151601.0
1742257320000,0.17305,0.17319,0.17304,0.1731,127258.0
1742257380000,0.1731,0.17317,0.17298,0.17299,320490.0
1742257440000,0.17298,0.17298,0.17275,0.17275,238890.0
1742257500000,0.17276,0.17276,0.17263,0.17268,266724.0
1742257560000,0.17269,0.17273,0.17264,0.17266,122264.0
1742257620000,0.17265,0.17268,0.17254,0.17256,126771.0
1742257680000,0.17257,0.1726,0.17236,0.17239,935061.0
1742257740000,0.1724,0.17241,0.1723,0.17233,181787.0
1742257800000,0.17233,0.17233,0.172,0.17201,529330.0
1742257860000,0.17201,0.17222,0.17201,0.17218,304189.0
1742257920000,0.17218,0.17233,0.17213,0.17226,197369.0
1742257980000,0.17227,0.17251,0.17227,0.17251,300251.0
1742258040000,0.1725,0.17253,0.17215,0.17223,133729.0
1742258100000,0.17223,0.17223,0.17209,0.17214,160352.0
1742258160000,0.17215,0.17232,0.172,0.17209,236188.0
1742258220000,0.1721,0.17219,0.17204,0.17214,63622.0
1742258280000,0.17214,0.17227,0.17212,0.17226,59470.0
1742258340000,0.17227,0.17239,0.17222,0.17239,228393.0
1742258400000,0.1724,0.17242,0.17224,0.17224,44981.0
1742258460000,0.17224,0.17224,0.17209,0.17212,629482.0
1742258520000,0.17212,0.17212,0.17192,0.17192,513377.0
1742258580000,0.17192,0.17215,0.17189,0.17206,264893.0
1742258640000,0.17205,0.17205,0.17176,0.17185,211102.0
1742258700000,0.17186,0.17188,0.17166,0.17172,377383.0
1742258760000,0.17173,0.17174,0.17166,0.17168,595224.0
1742258820000,0.17168,0.17169,0.17161,0.17167,853376.0
1742258880000,0.17166,0.17169,0.17148,0.17152,1313595.0
1742258940000,0.17152,0.17152,0.17131,0.17143,1046013.0
1742259000000,0.17143,0.17145,0.17041,0.17062,6389576.0
1742259060000,0.17062,0.17086,0.17062,0.17074,559357.0
1742259120000,0.17075,0.17086,0.17065,0.17073,514918.0
1742259180000,0.17073,0.17087,0.17073,0.17083,168415.0
1742259240000,0.17084,0.17103,0.17062,0.17083,6660488.0
1742259300000,0.17082,0.17082,0.17073,0.17078,337612.0
1742259360000,0.17077,0.17107,0.17077,0.17104,302717.0
1742259420000,0.17104,0.17111,0.17102,0.17109,128443.0
1742259480000,0.17109,0.1711,0.17102,0.17102,235655.0
1742259540000,0.17103,0.1711,0.17095,0.17107,217921.0
1742259600000,0.17107,0.17112,0.17095,0.17107,151072.0
1742259660000,0.17108,0.17127,0.17106,0.17123,561588.0
1742259720000,0.17123,0.17136,0.17119,0.17136,347023.0
1742259780000,0.17137,0.17146,0.1713,0.1713,790202.0
1742259840000,0.1713,0.1713,0.17096,0.171,537906.0
1742259900000,0.17101,0.17108,0.17091,0.17101,129817.0
1742259960000,0.17102,0.1712,0.17102,0.17106,105816.0
1742260020000,0.17105,0.17105,0.17088,0.17093,357366.0
1742260080000,0.17093,0.17093,0.17065,0.17081,192483.0
1742260140000,0.1708,0.17081,0.17058,0.17058,270863.0
1742260200000,0.17059,0.17059,0.17016,0.17018,1597688.0
1742260260000,0.17018,0.17029,0.17009,0.17029,618409.0
1742260320000,0.1703,0.17042,0.17021,0.1703,591343.0
1742260380000,0.1703,0.17042,0.17029,0.17035,285171.0
1742260440000,0.17035,0.17043,0.17026,0.1703,523573.0
1742260500000,0.17031,0.17034,0.17,0.17005,2907436.0
1742260560000,0.17004,0.1701,0.16948,0.16954,2378515.0
1742260620000,0.16955,0.16963,0.16915,0.16937,8641268.0
1742260680000,0.16937,0.16963,0.16937,0.16946,1468518.0
1742260740000,0.16946,0.16966,0.16942,0.16953,1823795.0
1742260800000,0.16953,0.16956,0.16941,0.16941,888561.0
1742260860000,0.16941,0.16943,0.16902,0.16919,924034.0
1742260920000,0.16918,0.16923,0.16883,0.1689,4630927.0
1742260980000,0.1689,0.16902,0.16873,0.16873,1089212.0
1742261040000,0.16874,0.16886,0.16857,0.16886,1187854.0
1742261100000,0.16886,0.16903,0.16866,0.16902,1525798.0
1742261160000,0.16901,0.16924,0.16872,0.1692,998805.0
1742261220000,0.16921,0.16926,0.16912,0.16917,539346.0
1742261280000,0.16916,0.16925,0.16912,0.16919,277271.0
1742261340000,0.16918,0.16921,0.16882,0.16886,613334.0
1742261400000,0.16885,0.16885,0.16861,0.16868,1187580.0
1742261460000,0.16869,0.16869,0.16836,0.16852,8058522.0
1742261520000,0.16852,0.1686,0.16805,0.16814,1260765.0
1742261580000,0.16813,0.16823,0.16803,0.16816,773584.0
1742261640000,0.16817,0.16838,0.16815,0.16832,469731.0
1742261700000,0.16831,0.16831,0.16793,0.16815,1620968.0
1742261760000,0.16815,0.16848,0.1681,0.16844,1061699.0
1742261820000,0.16843,0.16843,0.16809,0.16814,910391.0
1742261880000,0.16813,0.16813,0.1679,0.16797,1294162.0
1742261940000,0.16796,0.16826,0.16796,0.16809,349880.0
1742262000000,0.16808,0.16812,0.16783,0.16811,740677.0
1742262060000,0.16812,0.16823,0.16772,0.16778,1644287.0
1742262120000,0.16778,0.16783,0.16746,0.16769,1053536.0
1742262180000,0.16768,0.16775,0.16758,0.16769,246267.0
1742262240000,0.1677,0.16794,0.16765,0.16765,906316.0
1742262300000,0.16765,0.16795,0.16754,0.16792,874394.0
1742262360000,0.16792,0.1682,0.16782,0.16782,810170.0
1742262420000,0.16782,0.16782,0.16762,0.16762,310111.0
1742262480000,0.16762,0.16797,0.16758,0.16792,534743.0
1742262540000,0.16791,0.16794,0.1677,0.1677,529599.0
1742262600000,0.1677,0.1677,0.16731,0.16734,1258413.0
1742262660000,0.16735,0.16737,0.16713,0.16719,746527.0
1742262720000,0.1672,0.1675,0.16713,0.1675,752555.0
1742262780000,0.16751,0.1677,0.16751,0.16761,229120.0
1742262840000,0.16762,0.16769,0.16751,0.16763,1015245.0
1742262900000,0.16763,0.16767,0.16718,0.1672,1356522.0
1742262960000,0.1672,0.16746,0.16718,0.1674,432459.0
1742263020000,0.16741,0.16749,0.16721,0.16733,731787.0
1742263080000,0.16733,0.16752,0.16727,0.16752,288470.0
1742263140000,0.16752,0.16783,0.16752,0.16767,474832.0
1742263200000,0.16766,0.16771,0.16757,0.1677,656045.0
1742263260000,0.16769,0.16788,0.16751,0.16783,679835.0
1742263320000,0.16783,0.16814,0.16779,0.16804,1221875.0
1742263380000,0.16804,0.16809,0.16781,0.16783,468859.0
1742263440000,0.16784,0.16813,0.1678,0.16813,342032.0
1742263500000,0.16812,0.16813,0.16788,0.16803,664412.0
1742263560000,0.16803,0.16819,0.16785,0.16811,733054.0
1742263620000,0.16811,0.16811,0.16788,0.16802,834323.0
1742263680000,0.16803,0.1682,0.16803,0.16811,850612.0
1742263740000,0.16812,0.1684,0.16812,0.16834,1226374.0
1742263800000,0.16834,0.16851,0.16824,0.16834,5994508.0
1742263860000,0.16833,0.16845,0.16815,0.16815,2682887.0
1742263920000,0.16816,0.16835,0.16808,0.16835,914981.0
1742263980000,0.16836,0.16853,0.16833,0.16845,587632.0
1742264040000,0.16844,0.16868,0.16841,0.16856,539313.0
1742264100000,0.16856,0.16856,0.16829,0.16829,1123617.0
1742264160000,0.1683,0.16847,0.16819,0.16847,964063.0
1742264220000,0.16848,0.16861,0.16838,0.1685,642379.0
1742264280000,0.1685,0.16863,0.16844,0.16863,1062850.0
1742264340000,0.16864,0.16864,0.16851,0.16852,472618.0
1742264400000,0.16851,0.16851,0.16823,0.16824,415029.0
1742264460000,0.16824,0.16824,0.16818,0.16818,385751.0
1742264520000,0.16819,0.16822,0.16813,0.16821,331998.0
1742264580000,0.16822,0.16824,0.16809,0.16812,599950.0
1742264640000,0.16812,0.16836,0.16807,0.16835,1368385.0
1742264700000,0.16835,0.16843,0.1683,0.16842,570364.0
1742264760000,0.16842,0.16849,0.16836,0.16845,285103.0
1742264820000,0.16845,0.16864,0.16838,0.16864,978116.0
1742264880000,0.16865,0.16897,0.16863,0.16877,379062.0
1742264940000,0.16877,0.16879,0.16868,0.16877,2780498.0
1742265000000,0.16877,0.16894,0.16869,0.16886,2489415.0
1742265060000,0.16886,0.169,0.16865,0.16866,1036623.0
1742265120000,0.16866,0.16877,0.16846,0.16848,1143145.0
1742265180000,0.16848,0.16939,0.16848,0.1691,10201559.0
1742265240000,0.16909,0.16931,0.16907,0.16922,1803578.0
1742265300000,0.16921,0.16921,0.16886,0.16888,1199692.0
1742265360000,0.16887,0.16893,0.16867,0.16886,520147.0
1742265420000,0.16885,0.16885,0.16863,0.16872,837606.0
1742265480000,0.16872,0.16873,0.16865,0.1687,533533.0
1742265540000,0.1687,0.16877,0.16855,0.16856,524427.0
1742265600000,0.16857,0.16874,0.16847,0.16874,1582601.0
1742265660000,0.16874,0.16874,0.16857,0.16862,557056.0
1742265720000,0.16862,0.16863,0.16857,0.1686,137986.0
1742265780000,0.1686,0.16889,0.1686,0.1688,457481.0
1742265840000,0.16881,0.169,0.16881,0.16895,221538.0
1742265900000,0.16894,0.169,0.16888,0.16888,619846.0
1742265960000,0.16887,0.16928,0.16882,0.16925,450060.0
1742266020000,0.16925,0.16926,0.16906,0.16916,1035659.0
1742266080000,0.16916,0.16916,0.16886,0.16886,273392.0
1742266140000,0.16886,0.16886,0.16875,0.16877,593750.0
1742266200000,0.16876,0.16892,0.16876,0.16889,556769.0
1742266260000,0.16889,0.16891,0.16879,0.16891,386423.0
1742266320000,0.16892,0.169,0.16879,0.16899,148357.0
1742266380000,0.16899,0.16899,0.16883,0.16889,338005.0
1742266440000,0.16889,0.16908,0.16884,0.16894,363615.0
1742266500000,0.16893,0.16908,0.16885,0.16897,217502.0
1742266560000,0.16898,0.16898,0.16881,0.16883,436690.0
1742266620000,0.16884,0.16885,0.16854,0.16868,2212775.0
1742266680000,0.16868,0.16873,0.16859,0.16863,234891.0
1742266740000,0.16863,0.1687,0.16859,0.1686,184319.0
1742266800000,0.16859,0.1686,0.1685,0.16855,317082.0
1742266860000,0.16855,0.16855,0.16823,0.16825,840097.0
1742266920000,0.16824,0.16833,0.1682,0.16822,620034.0
1742266980000,0.16821,0.16835,0.1679,0.16835,2173597.0
1742267040000,0.16836,0.16849,0.16828,0.16849,244965.0
1742267100000,0.16848,0.16848,0.16822,0.16824,287677.0
1742267160000,0.16823,0.16825,0.16803,0.16805,266468.0
1742267220000,0.16805,0.1682,0.16804,0.16804,165626.0
1742267280000,0.16804,0.16804,0.16787,0.16796,664025.0
1742267340000,0.16797,0.16807,0.16793,0.16807,357332.0
1742267400000,0.16806,0.16824,0.168,0.16822,969407.0
1742267460000,0.16822,0.16832,0.1682,0.16829,204722.0
1742267520000,0.16828,0.16828,0.16815,0.16827,116292.0
1742267580000,0.16828,0.16833,0.16819,0.1683,409223.0
1742267640000,0.16829,0.16837,0.16821,0.16836,306726.0
1742267700000,0.16835,0.16854,0.16827,0.16847,478584.0
1742267760000,0.16847,0.16847,0.16816,0.16823,687198.0
1742267820000,0.16823,0.1684,0.16798,0.16801,436406.0
1742267880000,0.16801,0.16807,0.16793,0.16805,448457.0
1742267940000,0.16805,0.16828,0.16805,0.16828,133772.0
1742268000000,0.16829,0.16836,0.16821,0.16834,196100.0
1742268060000,0.16835,0.16838,0.1682,0.1682,185625.0
1742268120000,0.16819,0.16831,0.16818,0.16821,215133.0
1742268180000,0.16822,0.16829,0.16816,0.16821,132498.0
1742268240000,0.16822,0.16828,0.16816,0.16818,84263.0
1742268300000,0.16818,0.16818,0.16797,0.16804,944996.0
1742268360000,0.16804,0.16807,0.16787,0.16787,430604.0
1742268420000,0.16787,0.16787,0.16772,0.16783,824333.0
1742268480000,0.16783,0.16784,0.16772,0.16773,173238.0
1742268540000,0.16773,0.16773,0.16751,0.16765,1061912.0
1742268600000,0.16766,0.16766,0.16745,0.16751,742411.0
1742268660000,0.1675,0.16752,0.16707,0.1671,1392635.0
1742268720000,0.16709,0.1673,0.16693,0.16721,4348472.0
1742268780000,0.16721,0.16733,0.16705,0.16715,434991.0
1742268840000,0.16715,0.16746,0.16715,0.16746,372768.0
1742268900000,0.16746,0.1676,0.16738,0.16759,321104.0
1742268960000,0.16759,0.16769,0.16755,0.16766,213051.0
1742269020000,0.16766,0.1677,0.1676,0.16764,211151.0
1742269080000,0.16764,0.16766,0.16752,0.1676,311107.0
1742269140000,0.1676,0.16762,0.16735,0.16761,423690.0
1742269200000,0.16761,0.16762,0.16732,0.16747,1826250.0
1742269260000,0.16748,0.16765,0.16748,0.16756,364126.0
1742269320000,0.16757,0.16765,0.16751,0.16765,189592.0
1742269380000,0.16764,0.16767,0.16761,0.16767,95770.0
1742269440000,0.16768,0.16787,0.16768,0.16786,186839.0
1742269500000,0.16786,0.16795,0.1678,0.16783,560288.0
1742269560000,0.16784,0.16803,0.16784,0.16799,716505.0
1742269620000,0.168,0.16814,0.16798,0.16799,434776.0
1742269680000,0.16799,0.16801,0.16785,0.16786,461913.0
1742269740000,0.16786,0.16786,0.1677,0.1677,289319.0
1742269800000,0.16771,0.16771,0.16745,0.1675,1552340.0
1742269860000,0.16749,0.16755,0.16739,0.16739,256883.0
1742269920000,0.1674,0.16745,0.16739,0.16739,330425.0
1742269980000,0.16739,0.16753,0.16734,0.16753,1464935.0
1742270040000,0.16754,0.16755,0.16739,0.1675,2542945.0
1742270100000,0.16751,0.16753,0.16745,0.1675,981239.0
1742270160000,0.1675,0.16771,0.1675,0.16769,73869.0
1742270220000,0.16769,0.16779,0.16763,0.16779,262021.0
1742270280000,0.16779,0.1678,0.16761,0.16774,317833.0
1742270340000,0.16773,0.16788,0.16773,0.16775,122466.0
1742270400000,0.16774,0.16774,0.16749,0.1676,475953.0
1742270460000,0.1676,0.16803,0.16758,0.16803,168678.0
1742270520000,0.16802,0.16813,0.16802,0.16813,1301963.0
1742270580000,0.16812,0.16825,0.16809,0.16825,189616.0
1742270640000,0.16824,0.16828,0.16814,0.16823,925327.0
1742270700000,0.16823,0.16826,0.16807,0.16807,145309.0
1742270760000,0.16807,0.16814,0.16792,0.16792,700377.0
1742270820000,0.16792,0.16811,0.16787,0.1681,249837.0
1742270880000,0.16811,0.16832,0.16811,0.16822,252185.0
1742270940000,0.16822,0.16822,0.16805,0.16812,237065.0
1742271000000,0.16812,0.16819,0.16807,0.16819,619991.0
1742271060000,0.16818,0.16826,0.16818,0.16822,139424.0
1742271120000,0.16821,0.16825,0.16816,0.16825,177727.0
1742271180000,0.16824,0.1683,0.16822,0.16822,94818.0
1742271240000,0.16822,0.16834,0.16821,0.1683,538264.0
1742271300000,0.1683,0.16831,0.16814,0.16823,437395.0
1742271360000,0.16822,0.16845,0.16814,0.16844,392624.0
1742271420000,0.16845,0.16858,0.16837,0.16837,287936.0
1742271480000,0.16836,0.16836,0.16809,0.1681,415688.0
1742271540000,0.16811,0.16821,0.16805,0.16805,176572.0
1742271600000,0.16805,0.16805,0.16793,0.16798,262380.0
1742271660000,0.16798,0.16798,0.16787,0.16791,261810.0
1742271720000,0.16792,0.16813,0.16791,0.16806,187368.0
1742271780000,0.16806,0.16806,0.16797,0.16806,251219.0
1742271840000,0.16806,0.16812,0.16801,0.16809,227531.0
1742271900000,0.1681,0.16819,0.16801,0.16816,239281.0
1742271960000,0.16817,0.16828,0.16803,0.1681,163718.0
1742272020000,0.16809,0.16809,0.16805,0.16808,67346.0
1742272080000,0.16809,0.1682,0.16809,0.1682,64944.0
1742272140000,0.16819,0.16823,0.16809,0.16822,109488.0
1742272200000,0.16821,0.16822,0.16795,0.168,380587.0
1742272260000,0.168,0.16816,0.16789,0.16793,232742.0
1742272320000,0.16794,0.16805,0.16793,0.16805,146013.0
1742272380000,0.16805,0.16805,0.16778,0.16784,235905.0
1742272440000,0.16784,0.16809,0.16784,0.16796,109246.0
1742272500000,0.16795,0.16795,0.16773,0.16778,339089.0
1742272560000,0.16779,0.16781,0.16758,0.16763,499439.0
1742272620000,0.16764,0.16778,0.16764,0.16778,152666.0
1742272680000,0.16778,0.16789,0.16769,0.16775,222623.0
1742272740000,0.16775,0.16787,0.1677,0.16779,328304.0
1742272800000,0.16779,0.16787,0.16769,0.1678,870656.0
1742272860000,0.16781,0.16783,0.1676,0.16761,205787.0
1742272920000,0.16761,0.16763,0.16737,0.16745,619896.0
1742272980000,0.16744,0.16759,0.16744,0.16759,531953.0
1742273040000,0.1676,0.16767,0.16748,0.16751,580112.0
1742273100000,0.1675,0.16758,0.16744,0.16757,285085.0
1742273160000,0.16757,0.16763,0.16755,0.16763,191254.0
1742273220000,0.16763,0.1679,0.1675,0.16787,1000956.0
1742273280000,0.16786,0.16786,0.16771,0.16775,360805.0
1742273340000,0.16775,0.16778,0.16762,0.16762,237202.0
1742273400000,0.16762,0.16773,0.16753,0.16773,1198024.0
1742273460000,0.16773,0.16779,0.16765,0.16767,652382.0
1742273520000,0.16767,0.16772,0.16756,0.1676,207890.0
1742273580000,0.16761,0.16775,0.16758,0.16775,611623.0
1742273640000,0.16774,0.16784,0.1677,0.16781,170121.0
1742273700000,0.1678,0.1678,0.16764,0.16773,140503.0
1742273760000,0.16773,0.1678,0.16771,0.16771,80921.0
1742273820000,0.16772,0.16779,0.16766,0.16776,125775.0
1742273880000,0.16776,0.1678,0.16768,0.16773,204220.0
1742273940000,0.16773,0.1678,0.16769,0.16779,50923.0
1742274000000,0.16779,0.16795,0.16773,0.16795,126258.0
1742274060000,0.16795,0.16818,0.16795,0.16817,173480.0
1742274120000,0.16818,0.16828,0.16817,0.16822,123022.0
1742274180000,0.16822,0.16831,0.16819,0.1683,63496.0
1742274240000,0.1683,0.1683,0.16818,0.1682,176101.0
1742274300000,0.16821,0.16827,0.16811,0.16827,611212.0
1742274360000,0.16828,0.16848,0.16828,0.16829,720524.0
1742274420000,0.1683,0.16834,0.16818,0.1682,211596.0
1742274480000,0.16819,0.1682,0.1681,0.16815,196814.0
1742274540000,0.16816,0.16824,0.1681,0.1681,144880.0
1742274600000,0.16811,0.16814,0.16808,0.16814,673921.0
1742274660000,0.16814,0.16819,0.16811,0.16815,33960.0
1742274720000,0.16816,0.1682,0.16813,0.16819,292883.0
1742274780000,0.16818,0.16822,0.16804,0.16806,151252.0
1742274840000,0.16807,0.16812,0.16803,0.16803,179058.0
1742274900000,0.16803,0.16806,0.168,0.16801,280627.0
1742274960000,0.16801,0.16806,0.16798,0.16803,640429.0
1742275020000,0.16803,0.16807,0.16789,0.16792,197414.0
1742275080000,0.16793,0.1681,0.16792,0.1681,110331.0
1742275140000,0.16811,0.16836,0.16811,0.16811,784319.0
1742275200000,0.16812,0.16828,0.16808,0.16824,248891.0
1742275260000,0.16824,0.16843,0.16822,0.16839,339382.0
1742275320000,0.16839,0.16839,0.16825,0.16826,311894.0
1742275380000,0.16826,0.16826,0.16812,0.16815,153342.0
1742275440000,0.16816,0.16832,0.16814,0.16832,904244.0
1742275500000,0.16833,0.1686,0.16833,0.16851,1613593.0
1742275560000,0.16852,0.16852,0.16829,0.16832,284193.0
1742275620000,0.16832,0.1684,0.16826,0.16838,106274.0
1742275680000,0.16838,0.16841,0.16833,0.16837,120765.0
1742275740000,0.16837,0.16858,0.16833,0.16854,438745.0
1742275800000,0.16855,0.16858,0.16844,0.16845,270990.0
1742275860000,0.16844,0.16846,0.1683,0.16836,56851.0
1742275920000,0.16836,0.16848,0.16836,0.16843,142599.0
1742275980000,0.16844,0.16847,0.16822,0.16829,195029.0
1742276040000,0.16829,0.16829,0.16821,0.16829,91376.0
1742276100000,0.1683,0.16835,0.16823,0.16825,114358.0
1742276160000,0.16825,0.16825,0.16807,0.16811,183603.0
1742276220000,0.16812,0.16829,0.16811,0.16829,66055.0
1742276280000,0.16829,0.1685,0.16829,0.16846,72753.0
1742276340000,0.16846,0.16868,0.16844,0.16868,187131.0
1742276400000,0.16867,0.16867,0.16858,0.1686,158370.0
1742276460000,0.1686,0.16868,0.16858,0.1686,508136.0
1742276520000,0.1686,0.16878,0.1686,0.16873,904843.0
1742276580000,0.16874,0.1689,0.16874,0.16878,583063.0
1742276640000,0.16877,0.16895,0.16877,0.16887,280546.0
1742276700000,0.16886,0.16887,0.16873,0.16875,208862.0
1742276760000,0.16874,0.16876,0.16865,0.16868,366645.0
1742276820000,0.16868,0.16872,0.1686,0.16871,269635.0
1742276880000,0.16871,0.16872,0.16858,0.16865,1247960.0
1742276940000,0.16866,0.16866,0.16856,0.16856,240727.0
1742277000000,0.16857,0.16861,0.16845,0.16845,353521.0
1742277060000,0.16844,0.16846,0.16838,0.16842,217251.0
1742277120000,0.16841,0.1685,0.16838,0.1685,60948.0
1742277180000,0.16849,0.16855,0.16847,0.16851,567250.0
1742277240000,0.1685,0.16851,0.16844,0.16848,130258.0
1742277300000,0.16848,0.16858,0.16845,0.16857,68296.0
1742277360000,0.16857,0.16863,0.16857,0.16862,80808.0
1742277420000,0.16862,0.16872,0.16862,0.16872,30708.0
1742277480000,0.16871,0.16871,0.16852,0.16855,230699.0
1742277540000,0.16856,0.16873,0.16856,0.16873,170560.0
1742277600000,0.16873,0.16873,0.16839,0.16839,348526.0
1742277660000,0.1684,0.16853,0.1684,0.16852,137466.0
1742277720000,0.16853,0.16865,0.16844,0.16845,133894.0
1742277780000,0.16845,0.16847,0.1683,0.16834,272797.0
1742277840000,0.16834,0.16835,0.16824,0.16825,66661.0
1742277900000,0.16825,0.16827,0.168,0.16803,651094.0
1742277960000,0.16804,0.16804,0.16789,0.16789,338115.0
1742278020000,0.16789,0.16798,0.16778,0.16778,536388.0
1742278080000,0.16778,0.16789,0.16775,0.16775,176988.0
1742278140000,0.16776,0.16782,0.16771,0.16782,687552.0
1742278200000,0.16782,0.16783,0.16775,0.16779,87318.0
1742278260000,0.16778,0.16778,0.16761,0.16768,259346.0
1742278320000,0.16769,0.16774,0.1676,0.16763,333651.0
1742278380000,0.16763,0.16765,0.16759,0.16762,105416.0
1742278440000,0.16761,0.16768,0.16758,0.16761,192162.0
1742278500000,0.1676,0.16771,0.16754,0.16767,143880.0
1742278560000,0.16767,0.16767,0.16719,0.1673,918457.0
1742278620000,0.16731,0.16731,0.16695,0.16698,3392614.0
1742278680000,0.16698,0.16698,0.16645,0.16676,3053933.0
1742278740000,0.16677,0.16686,0.1667,0.16686,591846.0
1742278800000,0.16686,0.16698,0.16674,0.16692,664385.0
1742278860000,0.16691,0.16715,0.16678,0.1671,719192.0
1742278920000,0.1671,0.16724,0.16699,0.16704,1928555.0
1742278980000,0.16705,0.16706,0.16683,0.16685,798218.0
1742279040000,0.16686,0.16688,0.16672,0.16675,588960.0
1742279100000,0.16676,0.16679,0.1664,0.16648,743295.0
1742279160000,0.16649,0.1666,0.16641,0.16641,539157.0
1742279220000,0.1664,0.16644,0.16623,0.16644,2208183.0
1742279280000,0.16643,0.16649,0.16635,0.16649,1192014.0
1742279340000,0.16649,0.16672,0.16649,0.16672,1597545.0
1742279400000,0.16671,0.16683,0.16656,0.16681,482346.0
1742279460000,0.16682,0.16682,0.16655,0.16676,693931.0
1742279520000,0.16675,0.16676,0.1664,0.16649,369156.0
1742279580000,0.1665,0.16653,0.16628,0.16644,908763.0
1742279640000,0.16645,0.1665,0.16633,0.16649,803803.0
1742279700000,0.1665,0.16673,0.16618,0.16664,7999688.0
1742279760000,0.16663,0.16674,0.16656,0.16666,505298.0
1742279820000,0.16666,0.16671,0.16647,0.16666,574370.0
1742279880000,0.16665,0.16665,0.16633,0.16642,481185.0
1742279940000,0.16642,0.16642,0.1663,0.16638,586882.0
1742280000000,0.16638,0.1664,0.1661,0.16617,1311530.0
1742280060000,0.16618,0.16651,0.16614,0.16651,510942.0
1742280120000,0.16652,0.16653,0.16622,0.16623,785221.0
1742280180000,0.16622,0.16637,0.16605,0.16624,744140.0
1742280240000,0.16624,0.16655,0.16604,0.16604,9256353.0
1742280300000,0.16604,0.16604,0.1654,0.16554,5589472.0
1742280360000,0.16553,0.1657,0.16536,0.16556,9949621.0
1742280420000,0.16556,0.16599,0.1655,0.16593,1143362.0
1742280480000,0.16594,0.16605,0.16576,0.16577,907663.0
1742280540000,0.16577,0.1661,0.16577,0.1661,813228.0
1742280600000,0.16611,0.16615,0.16589,0.16595,1293192.0
1742280660000,0.16596,0.16625,0.16592,0.16619,819044.0
1742280720000,0.16619,0.1664,0.16619,0.16636,382849.0
1742280780000,0.16635,0.16647,0.16631,0.16637,523269.0
1742280840000,0.16637,0.16637,0.16614,0.16617,178287.0
1742280900000,0.16617,0.1663,0.16603,0.16622,282826.0
1742280960000,0.16623,0.16634,0.16623,0.16631,395678.0
1742281020000,0.1663,0.1665,0.16627,0.1665,581305.0
1742281080000,0.16649,0.1665,0.16636,0.16637,477758.0
1742281140000,0.16637,0.16639,0.1663,0.16635,291035.0
1742281200000,0.16635,0.16642,0.16612,0.16637,508250.0
1742281260000,0.16637,0.16648,0.16636,0.1664,533969.0
1742281320000,0.1664,0.16685,0.1664,0.16676,1211462.0
1742281380000,0.16676,0.16693,0.16672,0.16677,824013.0
1742281440000,0.16676,0.16721,0.16672,0.16721,1629881.0
1742281500000,0.16721,0.16737,0.16704,0.16725,828147.0
1742281560000,0.16726,0.16737,0.167,0.16701,1421174.0
1742281620000,0.167,0.16719,0.16682,0.16719,1718437.0
1742281680000,0.1672,0.16769,0.1671,0.16769,1760541.0
1742281740000,0.16769,0.16804,0.16766,0.16785,16855398.0
1742281800000,0.16784,0.16803,0.16766,0.16776,9696540.0
1742281860000,0.16776,0.16784,0.1675,0.1675,1875545.0
1742281920000,0.16751,0.16766,0.16727,0.16736,1773907.0
1742281980000,0.16737,0.16744,0.16727,0.1673,671082.0
1742282040000,0.16731,0.16735,0.16709,0.16712,716307.0
1742282100000,0.16713,0.16747,0.16708,0.16745,915416.0
1742282160000,0.16745,0.16745,0.16705,0.16722,2185089.0
1742282220000,0.16722,0.1673,0.16706,0.16714,827671.0
1742282280000,0.16713,0.16717,0.16691,0.167,707180.0
1742282340000,0.16701,0.16715,0.16701,0.16707,563031.0
1742282400000,0.16707,0.16732,0.16706,0.16731,206892.0
1742282460000,0.16731,0.16763,0.16719,0.16762,569639.0
1742282520000,0.16763,0.16798,0.16754,0.16779,2816750.0
1742282580000,0.1678,0.16783,0.16762,0.16775,664428.0
1742282640000,0.16776,0.1678,0.16766,0.16767,519649.0
1742282700000,0.16767,0.16777,0.16765,0.16777,278124.0
1742282760000,0.16777,0.16794,0.16776,0.16786,406538.0
1742282820000,0.16785,0.16789,0.16766,0.16787,718137.0
1742282880000,0.16788,0.16809,0.16786,0.1679,1067527.0
1742282940000,0.16791,0.16794,0.16783,0.16791,204055.0
1742283000000,0.1679,0.16795,0.16771,0.16771,623952.0
1742283060000,0.16771,0.16798,0.16768,0.16795,511632.0
1742283120000,0.16795,0.16808,0.16781,0.16797,653970.0
1742283180000,0.16797,0.16803,0.16768,0.16768,594960.0
1742283240000,0.16768,0.16777,0.16762,0.16767,449428.0
1742283300000,0.16766,0.16768,0.16755,0.16766,234137.0
1742283360000,0.16766,0.16785,0.16766,0.16772,192625.0
1742283420000,0.16771,0.16783,0.16768,0.1677,449478.0
1742283480000,0.1677,0.1677,0.16739,0.1675,378729.0
1742283540000,0.16749,0.16764,0.16745,0.1676,269044.0
1742283600000,0.16759,0.16767,0.16747,0.16767,402101.0
1742283660000,0.16768,0.16774,0.16761,0.16771,492309.0
1742283720000,0.16772,0.16777,0.16764,0.16764,437030.0
1742283780000,0.16763,0.16789,0.16757,0.16787,553041.0
1742283840000,0.16786,0.16797,0.16781,0.16795,181559.0
1742283900000,0.16794,0.16804,0.16794,0.16798,436387.0
1742283960000,0.16799,0.16819,0.16799,0.16818,323561.0
1742284020000,0.16819,0.16828,0.16813,0.16817,444499.0
1742284080000,0.16817,0.16823,0.16801,0.16807,144380.0
1742284140000,0.16807,0.1681,0.16782,0.16782,452499.0
1742284200000,0.16781,0.16781,0.16768,0.16777,232145.0
1742284260000,0.16776,0.16792,0.16775,0.16789,160374.0
1742284320000,0.16789,0.16807,0.16786,0.16793,674345.0
1742284380000,0.16794,0.16796,0.16785,0.16785,196015.0
1742284440000,0.16785,0.16793,0.16783,0.16791,218645.0
1742284500000,0.1679,0.1679,0.16763,0.1677,138768.0
1742284560000,0.1677,0.16773,0.16763,0.16773,370550.0
1742284620000,0.16774,0.16793,0.16774,0.16791,85550.0
1742284680000,0.16791,0.16791,0.16778,0.16784,179140.0
1742284740000,0.16783,0.16784,0.16779,0.16781,73325.0
1742284800000,0.1678,0.16796,0.16774,0.16796,252558.0
1742284860000,0.16796,0.16796,0.16772,0.16787,170164.0
1742284920000,0.16787,0.16822,0.16787,0.16813,183384.0
1742284980000,0.16813,0.16818,0.16811,0.16812,173806.0
1742285040000,0.16812,0.16835,0.16812,0.16835,233807.0
1742285100000,0.16835,0.16841,0.16826,0.1683,763159.0
1742285160000,0.1683,0.16837,0.16825,0.16829,475603.0
1742285220000,0.1683,0.1683,0.16817,0.16821,211888.0
1742285280000,0.16821,0.16821,0.16809,0.16812,107625.0
1742285340000,0.16812,0.16817,0.16806,0.16808,195763.0
1742285400000,0.16807,0.16807,0.16794,0.16794,399307.0
1742285460000,0.16794,0.16796,0.16783,0.16796,699988.0
1742285520000,0.16796,0.16798,0.1678,0.1678,306124.0
1742285580000,0.1678,0.16794,0.16778,0.16791,376240.0
1742285640000,0.16791,0.16806,0.16791,0.16804,272943.0
1742285700000,0.16804,0.1682,0.1679,0.16815,145072.0
1742285760000,0.16815,0.16815,0.16779,0.16779,285290.0
1742285820000,0.16779,0.16792,0.16775,0.16792,137794.0
1742285880000,0.16792,0.16795,0.16774,0.16774,381601.0
1742285940000,0.16774,0.16795,0.16773,0.1679,93242.0
1742286000000,0.16791,0.16793,0.16771,0.16782,136436.0
1742286060000,0.16782,0.16798,0.16775,0.16789,133791.0
1742286120000,0.1679,0.16811,0.16782,0.16807,234327.0
1742286180000,0.16807,0.16819,0.16796,0.16818,212223.0
1742286240000,0.16818,0.16835,0.16814,0.16831,568212.0
1742286300000,0.16831,0.16851,0.16831,0.16842,585829.0
1742286360000,0.16841,0.16842,0.16825,0.16833,137350.0
1742286420000,0.16833,0.16853,0.16832,0.16852,300482.0
1742286480000,0.16852,0.16856,0.1685,0.1685,208680.0
1742286540000,0.1685,0.16903,0.16846,0.1687,4017550.0
1742286600000,0.16871,0.16888,0.16868,0.16878,270602.0
1742286660000,0.16878,0.16878,0.16864,0.16873,200418.0
1742286720000,0.16874,0.16914,0.16874,0.16909,658157.0
1742286780000,0.16908,0.16911,0.16889,0.16911,396319.0
1742286840000,0.1691,0.16928,0.169,0.16928,1261573.0
1742286900000,0.16927,0.16937,0.16915,0.16921,658623.0
1742286960000,0.16922,0.16975,0.1692,0.16971,1217267.0
1742287020000,0.16971,0.16971,0.16938,0.16941,308953.0
1742287080000,0.16941,0.16941,0.16919,0.1692,227176.0
1742287140000,0.1692,0.16927,0.16906,0.16913,1192590.0
1742287200000,0.16914,0.16916,0.1689,0.1689,606812.0
1742287260000,0.16891,0.16895,0.16881,0.1689,140557.0
1742287320000,0.1689,0.16894,0.16851,0.16868,4576194.0
1742287380000,0.16868,0.16874,0.16862,0.16868,247669.0
1742287440000,0.16868,0.16872,0.16866,0.1687,386788.0
1742287500000,0.16869,0.16877,0.16866,0.16873,324272.0
1742287560000,0.16874,0.16894,0.16871,0.16874,2429696.0
1742287620000,0.16873,0.16894,0.1687,0.16893,222386.0
1742287680000,0.16893,0.16899,0.16878,0.16898,1889412.0
1742287740000,0.16897,0.16903,0.16886,0.16903,95516.0
1742287800000,0.16903,0.16908,0.16874,0.16875,575475.0
1742287860000,0.16876,0.16876,0.1686,0.1686,516432.0
1742287920000,0.1686,0.16868,0.16859,0.1686,343177.0
1742287980000,0.1686,0.1687,0.1686,0.1687,163545.0
1742288040000,0.1687,0.16871,0.16862,0.16864,527571.0
1742288100000,0.16863,0.16864,0.16853,0.16855,96960.0
1742288160000,0.16855,0.1686,0.16848,0.16853,226009.0
1742288220000,0.16852,0.16863,0.16849,0.16853,166020.0
1742288280000,0.16854,0.16858,0.16843,0.16858,279980.0
1742288340000,0.16859,0.16867,0.16859,0.16863,178540.0
1742288400000,0.16864,0.16867,0.16847,0.16848,267620.0
1742288460000,0.16849,0.16849,0.16836,0.16842,375004.0
1742288520000,0.16842,0.16846,0.16838,0.16839,140437.0
1742288580000,0.1684,0.16857,0.16839,0.16847,204989.0
1742288640000,0.16848,0.16857,0.16848,0.16855,150881.0
1742288700000,0.16854,0.16858,0.16836,0.16836,578425.0
1742288760000,0.16835,0.16843,0.16831,0.16836,163311.0
1742288820000,0.16835,0.16851,0.16835,0.16851,116631.0
1742288880000,0.16851,0.16863,0.16851,0.16863,349967.0
1742288940000,0.16863,0.16864,0.16849,0.1685,184390.0
1742289000000,0.1685,0.16859,0.16843,0.16859,214770.0
1742289060000,0.16859,0.16862,0.16851,0.16857,99323.0
1742289120000,0.16857,0.16862,0.16838,0.16844,235725.0
1742289180000,0.16845,0.16851,0.16838,0.1684,311171.0
1742289240000,0.1684,0.1684,0.16832,0.16832,51762.0
1742289300000,0.16832,0.16839,0.16814,0.16814,301400.0
1742289360000,0.16815,0.1682,0.16802,0.16804,417572.0
1742289420000,0.16804,0.16804,0.16778,0.16786,873270.0
1742289480000,0.16787,0.16796,0.16778,0.16791,298689.0
1742289540000,0.16792,0.16793,0.16778,0.16784,130114.0
1742289600000,0.16785,0.16789,0.16772,0.16784,206138.0
1742289660000,0.16785,0.16794,0.16779,0.16791,175857.0
1742289720000,0.1679,0.16806,0.16778,0.16798,230895.0
1742289780000,0.16799,0.16804,0.16785,0.16799,198334.0
1742289840000,0.16799,0.16809,0.16799,0.168,198030.0
1742289900000,0.16801,0.16809,0.16801,0.16809,129326.0
1742289960000,0.16809,0.16825,0.16807,0.16819,185766.0
1742290020000,0.16818,0.16823,0.16802,0.16805,232597.0
1742290080000,0.16804,0.16806,0.16786,0.16786,133165.0
1742290140000,0.16786,0.16797,0.16786,0.16794,216265.0
1742290200000,0.16795,0.16804,0.16785,0.16796,116371.0
1742290260000,0.16796,0.16822,0.16796,0.16822,916347.0
1742290320000,0.16823,0.16831,0.16811,0.16819,360846.0
1742290380000,0.1682,0.16832,0.16815,0.16826,375089.0
1742290440000,0.16826,0.16837,0.16824,0.16827,171832.0
1742290500000,0.16826,0.16828,0.16806,0.16818,216658.0
1742290560000,0.16818,0.16829,0.16818,0.16827,37287.0
1742290620000,0.16828,0.1684,0.16821,0.16822,800658.0
1742290680000,0.16823,0.16825,0.16816,0.16825,51784.0
1742290740000,0.16825,0.16825,0.16814,0.16819,35742.0
1742290800000,0.16819,0.16824,0.16807,0.16811,70796.0
1742290860000,0.16811,0.16822,0.1681,0.16819,30641.0
1742290920000,0.1682,0.16823,0.16815,0.16817,174809.0
1742290980000,0.16818,0.1683,0.16813,0.16829,74336.0
1742291040000,0.1683,0.16834,0.1682,0.16822,121648.0
1742291100000,0.16822,0.16834,0.16819,0.16831,225970.0
1742291160000,0.1683,0.16832,0.16812,0.16832,411577.0
1742291220000,0.16832,0.16834,0.16812,0.16814,121493.0
1742291280000,0.16813,0.16814,0.16808,0.1681,127878.0
1742291340000,0.16811,0.16813,0.16804,0.16806,189253.0
1742291400000,0.16806,0.16806,0.16793,0.16793,127172.0
1742291460000,0.16792,0.16801,0.16792,0.16798,184145.0
1742291520000,0.16798,0.16802,0.16787,0.16791,352447.0
1742291580000,0.16791,0.16794,0.1678,0.16783,173742.0
1742291640000,0.16784,0.16791,0.16763,0.16763,406910.0
1742291700000,0.16763,0.16772,0.16759,0.16763,335040.0
1742291760000,0.16763,0.16768,0.16756,0.16756,490064.0
1742291820000,0.16756,0.16759,0.16742,0.16745,749838.0
1742291880000,0.16746,0.16753,0.16731,0.16735,225279.0
1742291940000,0.16736,0.16742,0.16723,0.16742,401678.0
1742292000000,0.16741,0.16762,0.16739,0.16759,260529.0
1742292060000,0.16759,0.16764,0.16743,0.16749,249397.0
1742292120000,0.16748,0.16776,0.16747,0.16776,476747.0
1742292180000,0.16776,0.16785,0.16775,0.16784,320967.0
1742292240000,0.16784,0.16788,0.16776,0.16788,166593.0
1742292300000,0.16787,0.16787,0.16778,0.16779,122743.0
1742292360000,0.1678,0.1678,0.16759,0.16771,133662.0
1742292420000,0.16772,0.16777,0.16754,0.16755,125531.0
1742292480000,0.16756,0.16759,0.16743,0.16759,1286913.0
1742292540000,0.16757,0.16768,0.16754,0.1676,1424694.0
1742292600000,0.16761,0.16766,0.1675,0.16759,320916.0
1742292660000,0.16758,0.1676,0.16742,0.1675,1511794.0
1742292720000,0.16749,0.16758,0.16747,0.16758,131197.0
1742292780000,0.16757,0.16757,0.1673,0.16731,261820.0
1742292840000,0.16732,0.16734,0.16728,0.16731,345284.0
1742292900000,0.16732,0.16732,0.16702,0.16711,1536919.0
1742292960000,0.16712,0.16718,0.16695,0.16709,2683913.0
1742293020000,0.16708,0.16711,0.1669,0.16697,834056.0
1742293080000,0.16697,0.16697,0.16666,0.16673,768187.0
1742293140000,0.16672,0.16678,0.16661,0.16661,609716.0
1742293200000,0.16662,0.16668,0.1665,0.16657,463507.0
1742293260000,0.16656,0.16672,0.16652,0.1667,1010191.0
1742293320000,0.16669,0.16686,0.16666,0.16674,601940.0
1742293380000,0.16675,0.16689,0.16674,0.16674,406457.0
1742293440000,0.16673,0.16685,0.16669,0.16685,798293.0
1742293500000,0.16686,0.1669,0.16672,0.16677,318748.0
1742293560000,0.16677,0.16693,0.16677,0.16692,943229.0
1742293620000,0.16692,0.16711,0.16687,0.1671,233217.0
1742293680000,0.1671,0.16712,0.167,0.16709,733248.0
1742293740000,0.1671,0.16716,0.16703,0.16707,378993.0
1742293800000,0.16707,0.16707,0.167,0.16701,748167.0
1742293860000,0.16702,0.16703,0.16681,0.16683,317435.0
1742293920000,0.16684,0.167,0.1668,0.16694,614517.0
1742293980000,0.16695,0.16695,0.16672,0.16687,222569.0
1742294040000,0.16687,0.16687,0.16673,0.16684,193364.0
1742294100000,0.16685,0.16704,0.16677,0.16704,290366.0
1742294160000,0.16704,0.16715,0.16698,0.16715,44234.0
1742294220000,0.16715,0.16732,0.16715,0.16732,368997.0
1742294280000,0.16731,0.16746,0.16729,0.16746,248666.0
1742294340000,0.16745,0.16748,0.16737,0.16742,247443.0
1742294400000,0.16742,0.16753,0.16734,0.16752,1532137.0
1742294460000,0.16752,0.16762,0.16751,0.16755,200723.0
1742294520000,0.16754,0.16756,0.16735,0.16741,2098932.0
1742294580000,0.16741,0.16756,0.16741,0.16755,281896.0
1742294640000,0.16756,0.16757,0.16738,0.16738,467037.0
1742294700000,0.16739,0.16739,0.16717,0.16722,501600.0
1742294760000,0.16721,0.16722,0.16707,0.16709,246908.0
1742294820000,0.16708,0.16713,0.1669,0.16699,719249.0
1742294880000,0.16699,0.1671,0.16688,0.1671,37137.0
1742294940000,0.1671,0.16721,0.16708,0.16721,69057.0
1742295000000,0.1672,0.1672,0.16707,0.1671,270650.0
1742295060000,0.1671,0.16712,0.16691,0.16692,294689.0
1742295120000,0.16692,0.16706,0.16691,0.16705,109690.0
1742295180000,0.16704,0.16704,0.16695,0.16704,52366.0
1742295240000,0.16704,0.16707,0.16693,0.16695,132318.0
1742295300000,0.16694,0.16705,0.16688,0.16705,126924.0
1742295360000,0.16704,0.16704,0.1668,0.16681,166259.0
1742295420000,0.1668,0.16685,0.16673,0.16682,198177.0
1742295480000,0.16682,0.167,0.16681,0.167,136451.0
1742295540000,0.16701,0.16707,0.167,0.16705,63588.0
1742295600000,0.16706,0.16712,0.16691,0.16705,426536.0
1742295660000,0.16704,0.16714,0.167,0.167,417705.0
1742295720000,0.167,0.16707,0.16687,0.16687,145914.0
1742295780000,0.16688,0.16698,0.16678,0.16678,126523.0
1742295840000,0.16677,0.16677,0.16658,0.16659,255770.0
1742295900000,0.1666,0.1666,0.16651,0.16651,164035.0
1742295960000,0.16652,0.16653,0.1664,0.1664,1255607.0
1742296020000,0.1664,0.16652,0.16637,0.16651,275919.0
1742296080000,0.16652,0.16663,0.16652,0.16658,169028.0
1742296140000,0.16659,0.16676,0.16656,0.16658,213162.0
1742296200000,0.16658,0.16664,0.1665,0.16663,1045388.0
1742296260000,0.16663,0.16692,0.16663,0.16687,447743.0
1742296320000,0.16687,0.16696,0.1668,0.16691,113488.0
1742296380000,0.1669,0.16712,0.1669,0.16708,222328.0
1742296440000,0.16708,0.16709,0.16689,0.1669,594998.0
1742296500000,0.16691,0.16693,0.16682,0.16688,113933.0
1742296560000,0.16687,0.16689,0.16672,0.16682,93388.0
1742296620000,0.16681,0.16684,0.16662,0.16663,285388.0
1742296680000,0.16663,0.16672,0.16659,0.16672,137616.0
1742296740000,0.16673,0.16673,0.16663,0.16672,68615.0
1742296800000,0.16672,0.1669,0.16668,0.16689,174652.0
1742296860000,0.16689,0.16689,0.16675,0.16678,149461.0
1742296920000,0.16678,0.1668,0.16671,0.16677,108454.0
1742296980000,0.16677,0.16688,0.16675,0.16678,281605.0
1742297040000,0.16678,0.16688,0.16675,0.16676,187288.0
1742297100000,0.16675,0.16675,0.16667,0.16667,539333.0
1742297160000,0.16668,0.16676,0.1666,0.16676,336577.0
1742297220000,0.16676,0.16679,0.1666,0.16669,301628.0
1742297280000,0.16669,0.16672,0.16659,0.16663,72599.0
1742297340000,0.16664,0.16665,0.16661,0.16662,76176.0
1742297400000,0.16662,0.16672,0.16655,0.16671,265266.0
1742297460000,0.16671,0.16672,0.16666,0.16667,38833.0
1742297520000,0.16668,0.1667,0.16645,0.16647,374285.0
1742297580000,0.16648,0.16664,0.16643,0.16663,204140.0
1742297640000,0.16663,0.16663,0.16654,0.16656,137194.0
1742297700000,0.16655,0.16671,0.16646,0.16671,267963.0
1742297760000,0.16671,0.16683,0.16668,0.16674,179553.0
1742297820000,0.16674,0.16676,0.16666,0.16673,102917.0
1742297880000,0.16672,0.16672,0.16657,0.16664,139889.0
1742297940000,0.16663,0.16663,0.16638,0.16639,146884.0
1742298000000,0.16639,0.16639,0.16625,0.16625,383513.0
1742298060000,0.16625,0.16632,0.16623,0.16632,266022.0
1742298120000,0.16632,0.16644,0.1663,0.16641,86351.0
1742298180000,0.1664,0.1664,0.16621,0.16625,618262.0
1742298240000,0.16625,0.16632,0.16618,0.16631,146835.0
1742298300000,0.1663,0.16659,0.16623,0.16659,185686.0
1742298360000,0.16658,0.16666,0.16649,0.16655,182606.0
1742298420000,0.16655,0.16665,0.16655,0.1666,100434.0
1742298480000,0.1666,0.1666,0.16625,0.16633,264420.0
1742298540000,0.16633,0.16637,0.16621,0.16636,190534.0
1742298600000,0.16637,0.1664,0.16621,0.16622,263020.0
1742298660000,0.16621,0.16622,0.1661,0.16619,863542.0
1742298720000,0.16619,0.1662,0.16611,0.16619,44522.0
1742298780000,0.16619,0.16619,0.16603,0.16607,723941.0
1742298840000,0.16608,0.16631,0.16608,0.16627,210018.0
1742298900000,0.16627,0.16645,0.16627,0.16641,742522.0
1742298960000,0.16641,0.16642,0.16633,0.16637,123795.0
1742299020000,0.16638,0.16653,0.16635,0.16635,303768.0
1742299080000,0.16635,0.16645,0.16635,0.16641,66068.0
1742299140000,0.16641,0.16645,0.16635,0.16635,106794.0
1742299200000,0.16635,0.16635,0.1662,0.16623,115686.0
1742299260000,0.16623,0.16683,0.16622,0.16683,419519.0
1742299320000,0.16683,0.16683,0.16668,0.16675,219811.0
1742299380000,0.16675,0.16684,0.16668,0.16668,328880.0
1742299440000,0.16668,0.16669,0.16654,0.16668,311491.0
1742299500000,0.16668,0.16678,0.16665,0.16678,186664.0
1742299560000,0.16679,0.16679,0.16664,0.16671,119676.0
1742299620000,0.16671,0.16673,0.16654,0.16661,365909.0
1742299680000,0.16661,0.16672,0.16647,0.16654,725220.0
1742299740000,0.16653,0.16654,0.16634,0.16634,203967.0
1742299800000,0.16635,0.1664,0.16628,0.16635,469213.0
1742299860000,0.16636,0.16654,0.16635,0.16653,278459.0
1742299920000,0.16653,0.16653,0.16644,0.16647,330348.0
1742299980000,0.16647,0.16658,0.16647,0.16648,272569.0
1742300040000,0.16649,0.16672,0.16649,0.16668,165274.0
1742300100000,0.16668,0.16672,0.16637,0.16643,344822.0
1742300160000,0.16642,0.16661,0.16639,0.1666,231411.0
1742300220000,0.1666,0.16679,0.16656,0.16677,237290.0
1742300280000,0.16677,0.16695,0.16677,0.16695,250661.0
1742300340000,0.16695,0.16701,0.16688,0.16696,1357538.0
1742300400000,0.16696,0.16696,0.16682,0.16684,241834.0
1742300460000,0.16684,0.16697,0.16681,0.16681,109994.0
1742300520000,0.16681,0.16699,0.16679,0.16699,120254.0
1742300580000,0.167,0.16718,0.16697,0.16714,342766.0
1742300640000,0.16715,0.16716,0.16693,0.167,396531.0
1742300700000,0.167,0.167,0.16681,0.16683,161924.0
1742300760000,0.16683,0.16692,0.16682,0.16682,202236.0
1742300820000,0.16683,0.16687,0.16669,0.1667,201799.0
1742300880000,0.1667,0.1667,0.16648,0.16648,1088236.0
1742300940000,0.16647,0.16649,0.16635,0.16635,270078.0
1742301000000,0.16635,0.16636,0.1661,0.16612,596780.0
1742301060000,0.16611,0.16632,0.1661,0.16617,566152.0
1742301120000,0.16616,0.16617,0.16585,0.16589,2251421.0
1742301180000,0.16589,0.16598,0.16576,0.16578,641277.0
1742301240000,0.16578,0.16604,0.16578,0.16584,862272.0
1742301300000,0.16584,0.16608,0.16577,0.16608,541287.0
1742301360000,0.16608,0.1661,0.16594,0.16604,467577.0
1742301420000,0.16603,0.16609,0.16591,0.16609,393657.0
1742301480000,0.16608,0.16619,0.16603,0.16614,385732.0
1742301540000,0.16613,0.16634,0.16613,0.16627,507574.0
1742301600000,0.16626,0.16638,0.16621,0.16636,256885.0
1742301660000,0.16636,0.1664,0.16622,0.1664,112180.0
1742301720000,0.1664,0.16643,0.16629,0.16643,1069068.0
1742301780000,0.16644,0.16666,0.16644,0.16665,316154.0
1742301840000,0.16664,0.16667,0.16652,0.16667,265389.0
1742301900000,0.16667,0.16689,0.16655,0.16689,706322.0
1742301960000,0.16689,0.16689,0.16651,0.1666,218248.0
1742302020000,0.16661,0.16663,0.16642,0.16644,1270661.0
1742302080000,0.16645,0.16649,0.16635,0.16645,53537.0
1742302140000,0.16646,0.16653,0.16632,0.16636,166754.0
1742302200000,0.16635,0.16641,0.16622,0.16627,285294.0
1742302260000,0.16627,0.16627,0.16606,0.16609,139652.0
1742302320000,0.16609,0.16618,0.166,0.16618,146533.0
1742302380000,0.16619,0.16633,0.16619,0.16633,141708.0
1742302440000,0.16634,0.1666,0.16622,0.16655,7079616.0
1742302500000,0.16654,0.16654,0.16627,0.16631,437519.0
1742302560000,0.1663,0.1663,0.16617,0.1662,159017.0
1742302620000,0.16621,0.16628,0.16616,0.16619,213173.0
1742302680000,0.16619,0.16629,0.16619,0.16628,204941.0
1742302740000,0.16629,0.16634,0.16625,0.16627,200243.0
1742302800000,0.16628,0.16628,0.16611,0.16611,162985.0
1742302860000,0.16611,0.1663,0.16602,0.16628,233940.0
1742302920000,0.16629,0.16654,0.16625,0.16653,331080.0
1742302980000,0.16653,0.16662,0.16634,0.16634,263305.0
1742303040000,0.16635,0.16635,0.16611,0.16612,339889.0
1742303100000,0.16612,0.16617,0.16606,0.16613,198125.0
1742303160000,0.16613,0.16623,0.16606,0.16609,143665.0
1742303220000,0.16609,0.16638,0.16607,0.1663,116328.0
1742303280000,0.16631,0.16634,0.16618,0.16618,162109.0
1742303340000,0.16618,0.16621,0.16613,0.16619,171847.0
1742303400000,0.1662,0.16639,0.1662,0.16634,220720.0
1742303460000,0.16634,0.16655,0.1663,0.1665,321145.0
1742303520000,0.16651,0.16655,0.16637,0.16638,74185.0
1742303580000,0.16637,0.16637,0.16621,0.16622,105240.0
1742303640000,0.16622,0.16622,0.16593,0.16593,1416693.0
1742303700000,0.16593,0.16597,0.1658,0.16587,939793.0
1742303760000,0.16588,0.16592,0.16577,0.16587,775504.0
1742303820000,0.16587,0.16599,0.16571,0.16578,409878.0
1742303880000,0.16578,0.16592,0.16578,0.16591,282093.0
1742303940000,0.16591,0.16626,0.16591,0.16626,546049.0
1742304000000,0.16627,0.16643,0.16626,0.1663,766124.0
1742304060000,0.16629,0.16629,0.16601,0.16607,167167.0
1742304120000,0.16606,0.16614,0.166,0.166,197934.0
1742304180000,0.16599,0.16614,0.16594,0.16612,532785.0
1742304240000,0.16612,0.16639,0.16608,0.16629,411657.0
1742304300000,0.16629,0.16646,0.16628,0.16633,202508.0
1742304360000,0.16632,0.16639,0.16616,0.16625,176145.0
1742304420000,0.16625,0.16629,0.16612,0.16622,160346.0
1742304480000,0.16623,0.16629,0.16616,0.16618,99503.0
1742304540000,0.16617,0.16641,0.16617,0.16641,116283.0
1742304600000,0.16642,0.16648,0.16611,0.16611,415414.0
1742304660000,0.16612,0.16614,0.16584,0.16595,232066.0
1742304720000,0.16595,0.16615,0.16586,0.16615,2051535.0
1742304780000,0.16616,0.16669,0.16616,0.16652,327147.0
1742304840000,0.16651,0.16653,0.16574,0.16585,485301.0
1742304900000,0.16584,0.16584,0.16522,0.16526,2714823.0
1742304960000,0.16526,0.1653,0.1645,0.16493,11107679.0
1742305020000,0.16493,0.16493,0.16432,0.16464,2483871.0
1742305080000,0.16464,0.16508,0.16453,0.16508,2388813.0
1742305140000,0.16508,0.16526,0.16475,0.16488,1064654.0
1742305200000,0.16487,0.16487,0.16389,0.16396,3341664.0
1742305260000,0.16396,0.16424,0.16346,0.16421,5706103.0
1742305320000,0.16422,0.16456,0.16414,0.16441,1056361.0
1742305380000,0.16442,0.16455,0.16405,0.16409,902434.0
1742305440000,0.16409,0.16409,0.16351,0.16352,2084765.0
1742305500000,0.16352,0.16372,0.16275,0.16357,5000156.0
1742305560000,0.16358,0.1636,0.16319,0.1633,2522773.0
1742305620000,0.16329,0.16363,0.16313,0.16322,2415410.0
1742305680000,0.16322,0.16363,0.16298,0.16334,1006304.0
1742305740000,0.16333,0.16368,0.16331,0.16343,2556419.0
1742305800000,0.16342,0.16351,0.16304,0.16313,1139778.0
1742305860000,0.16312,0.16356,0.163,0.16344,1030596.0
1742305920000,0.16343,0.16349,0.16312,0.16327,726253.0
1742305980000,0.16327,0.16367,0.1631,0.16358,1461551.0
1742306040000,0.16359,0.16381,0.16349,0.16374,2190008.0
1742306100000,0.16374,0.16374,0.16334,0.16344,945266.0
1742306160000,0.16343,0.16351,0.16325,0.16348,1259491.0
1742306220000,0.16348,0.16348,0.16316,0.16316,546567.0
1742306280000,0.16316,0.16333,0.1631,0.16332,3771294.0
1742306340000,0.16332,0.16367,0.16332,0.16345,759939.0
1742306400000,0.16345,0.16345,0.16307,0.16334,1103283.0
1742306460000,0.16333,0.16364,0.16318,0.16347,1118403.0
1742306520000,0.16348,0.16361,0.16305,0.16306,1421932.0
1742306580000,0.16306,0.1633,0.16293,0.16318,929202.0
1742306640000,0.16318,0.1637,0.16311,0.16363,570022.0
1742306700000,0.16364,0.16374,0.1632,0.16339,1653237.0
1742306760000,0.16338,0.1637,0.16324,0.16365,1725852.0
1742306820000,0.16366,0.1639,0.16362,0.16386,1081406.0
1742306880000,0.16387,0.16411,0.16356,0.16368,3338235.0
1742306940000,0.16368,0.16395,0.16339,0.16392,1163105.0
1742307000000,0.16392,0.16395,0.16358,0.16366,932733.0
1742307060000,0.16367,0.16378,0.16344,0.16375,1985460.0
1742307120000,0.16374,0.16391,0.16364,0.16383,2171227.0
1742307180000,0.16382,0.16382,0.16363,0.16378,695510.0
1742307240000,0.16378,0.16391,0.16368,0.16387,284560.0
1742307300000,0.16386,0.1642,0.16379,0.16413,587584.0
1742307360000,0.16413,0.16418,0.16382,0.1641,532277.0
1742307420000,0.1641,0.1641,0.16369,0.16373,720331.0
1742307480000,0.16372,0.16388,0.1636,0.16374,716108.0
1742307540000,0.16373,0.16385,0.16364,0.16381,519207.0
1742307600000,0.16382,0.16409,0.16375,0.16388,492199.0
1742307660000,0.16388,0.16413,0.16388,0.16391,626703.0
1742307720000,0.16392,0.16415,0.16392,0.16415,348099.0
1742307780000,0.16416,0.16428,0.1641,0.1642,3326615.0
1742307840000,0.16419,0.16423,0.16409,0.16419,1255029.0
1742307900000,0.1642,0.16423,0.16396,0.16418,5006218.0
1742307960000,0.16417,0.16418,0.16386,0.16414,644429.0
1742308020000,0.16414,0.16423,0.16409,0.16417,1455482.0
1742308080000,0.16416,0.16422,0.16411,0.16418,1098765.0
1742308140000,0.16417,0.16434,0.16416,0.16423,8909083.0
1742308200000,0.16423,0.16444,0.16419,0.16421,1192824.0
1742308260000,0.16421,0.16431,0.16414,0.16418,621335.0
1742308320000,0.16419,0.16445,0.16411,0.16438,878224.0
1742308380000,0.16438,0.16474,0.16438,0.1647,1162050.0
1742308440000,0.16469,0.16489,0.16467,0.16484,639397.0
1742308500000,0.16483,0.16483,0.1645,0.16467,1141115.0
1742308560000,0.16468,0.16488,0.16458,0.16488,309897.0
1742308620000,0.16489,0.16494,0.16476,0.16493,1296176.0
1742308680000,0.16492,0.16515,0.16492,0.16506,1332529.0
1742308740000,0.16507,0.16521,0.16502,0.16521,748471.0
1742308800000,0.16521,0.1655,0.16518,0.16548,737724.0
1742308860000,0.16548,0.16567,0.16532,0.16562,443392.0
1742308920000,0.16561,0.16561,0.16529,0.16531,1075905.0
1742308980000,0.16532,0.16532,0.16501,0.16507,1762214.0
1742309040000,0.16508,0.16512,0.16483,0.16486,552317.0
1742309100000,0.16486,0.16503,0.1648,0.16503,836634.0
1742309160000,0.16502,0.16504,0.16458,0.16458,1238672.0
1742309220000,0.16457,0.16475,0.16435,0.16439,820302.0
1742309280000,0.16439,0.16439,0.16421,0.16431,393042.0
1742309340000,0.1643,0.16439,0.16429,0.16434,274006.0
1742309400000,0.16434,0.16471,0.16434,0.16467,690133.0
1742309460000,0.16468,0.16486,0.16467,0.16481,99642.0
1742309520000,0.16481,0.16484,0.1645,0.16453,334376.0
1742309580000,0.16453,0.16455,0.16444,0.16455,321285.0
1742309640000,0.16455,0.16467,0.16451,0.16465,178852.0
1742309700000,0.16466,0.16477,0.16459,0.16474,437574.0
1742309760000,0.16473,0.16479,0.16465,0.16478,348042.0
1742309820000,0.16478,0.16478,0.16461,0.16471,185760.0
1742309880000,0.16471,0.16478,0.16462,0.16478,516785.0
1742309940000,0.16477,0.16505,0.16477,0.16498,394555.0
1742310000000,0.16497,0.16502,0.16461,0.16466,1038211.0
1742310060000,0.16466,0.16466,0.16425,0.16429,912797.0
1742310120000,0.16428,0.16443,0.16428,0.1644,309231.0
1742310180000,0.1644,0.16448,0.16426,0.16442,313810.0
1742310240000,0.16443,0.16457,0.16441,0.16455,141812.0
1742310300000,0.16455,0.16457,0.16434,0.16443,375468.0
1742310360000,0.16442,0.16442,0.16421,0.16421,357545.0
1742310420000,0.16421,0.16427,0.1641,0.1642,314072.0
1742310480000,0.1642,0.16447,0.16415,0.16445,747290.0
1742310540000,0.16444,0.16453,0.16433,0.16433,233952.0
1742310600000,0.16434,0.16438,0.16413,0.16427,188753.0
1742310660000,0.16427,0.16443,0.16414,0.16428,276861.0
1742310720000,0.16429,0.16441,0.16427,0.16438,126684.0
1742310780000,0.16439,0.16457,0.1643,0.1643,377344.0
1742310840000,0.1643,0.16457,0.16427,0.16453,165921.0
1742310900000,0.16452,0.16456,0.1643,0.1643,330815.0
1742310960000,0.1643,0.16445,0.16429,0.16435,378090.0
1742311020000,0.16434,0.16435,0.16397,0.16405,728060.0
1742311080000,0.16406,0.16427,0.16405,0.16425,725622.0
1742311140000,0.16425,0.16425,0.16399,0.16403,266423.0
1742311200000,0.16404,0.16432,0.16404,0.16422,300587.0
1742311260000,0.16421,0.16443,0.16421,0.16434,507864.0
1742311320000,0.16435,0.16442,0.1641,0.16413,862353.0
1742311380000,0.16414,0.16415,0.16398,0.16411,258264.0
1742311440000,0.16412,0.16413,0.16375,0.16397,501178.0
1742311500000,0.16398,0.16438,0.16398,0.16438,633906.0
1742311560000,0.16438,0.16455,0.16438,0.16445,377235.0
1742311620000,0.16444,0.16472,0.1644,0.16467,915180.0
1742311680000,0.16468,0.16476,0.16456,0.16474,377637.0
1742311740000,0.16473,0.1648,0.16448,0.1645,594172.0
1742311800000,0.1645,0.16459,0.16443,0.16449,553427.0
1742311860000,0.16449,0.16457,0.16434,0.16448,1004771.0
1742311920000,0.16447,0.16458,0.1644,0.1645,205044.0
1742311980000,0.16451,0.16484,0.16445,0.16484,295712.0
1742312040000,0.16483,0.16489,0.16461,0.16463,472534.0
1742312100000,0.16463,0.16466,0.16452,0.16465,219478.0
1742312160000,0.16465,0.16506,0.16465,0.16495,616061.0
1742312220000,0.16495,0.16499,0.16476,0.16483,206824.0
1742312280000,0.16483,0.16515,0.16483,0.16515,336995.0
1742312340000,0.16516,0.16519,0.16489,0.16512,639407.0
1742312400000,0.16513,0.16526,0.16489,0.16489,360509.0
1742312460000,0.16488,0.1649,0.16463,0.16467,364978.0
1742312520000,0.16468,0.16479,0.16457,0.16458,171063.0
1742312580000,0.16459,0.16464,0.16453,0.16453,117610.0
1742312640000,0.16452,0.16452,0.16434,0.1644,293380.0
1742312700000,0.16439,0.16463,0.16439,0.1646,165017.0
1742312760000,0.16459,0.1646,0.16428,0.1643,249506.0
1742312820000,0.1643,0.1643,0.16393,0.16394,392028.0
1742312880000,0.16395,0.16409,0.16395,0.16406,226849.0
1742312940000,0.16406,0.16409,0.1639,0.16397,376895.0
1742313000000,0.16397,0.16397,0.16365,0.16366,1785458.0
1742313060000,0.16365,0.1639,0.16362,0.16388,1918625.0
1742313120000,0.16388,0.164,0.16384,0.16394,401643.0
1742313180000,0.16394,0.16394,0.16384,0.16389,512131.0
1742313240000,0.1639,0.164,0.1638,0.16391,412053.0
1742313300000,0.16391,0.16404,0.16369,0.16369,267475.0
1742313360000,0.16369,0.16373,0.1634,0.16346,1197733.0
1742313420000,0.16346,0.16348,0.16333,0.16344,661463.0
1742313480000,0.16345,0.16357,0.16338,0.16344,494949.0
1742313540000,0.16345,0.1637,0.16331,0.16367,833902.0
1742313600000,0.16367,0.16369,0.16347,0.1636,575189.0
1742313660000,0.16359,0.164,0.16359,0.16398,553372.0
1742313720000,0.16398,0.16414,0.16398,0.16412,410161.0
1742313780000,0.16412,0.16424,0.164,0.1642,642090.0
1742313840000,0.1642,0.16423,0.164,0.16403,326754.0
1742313900000,0.16404,0.16427,0.16404,0.16425,180900.0
1742313960000,0.16425,0.16425,0.16386,0.16406,834626.0
1742314020000,0.16406,0.16406,0.16378,0.16378,170916.0
1742314080000,0.16378,0.16379,0.16359,0.16364,171795.0
1742314140000,0.16364,0.16375,0.16364,0.16374,281666.0
1742314200000,0.16375,0.16397,0.16372,0.16393,509123.0
1742314260000,0.16394,0.16416,0.16391,0.16415,324018.0
1742314320000,0.16415,0.1644,0.16415,0.16437,273683.0
1742314380000,0.16437,0.16445,0.16431,0.16432,244364.0
1742314440000,0.16432,0.16464,0.16425,0.16463,577464.0
1742314500000,0.16463,0.16467,0.16433,0.16436,382588.0
1742314560000,0.16436,0.16447,0.16429,0.16429,189303.0
1742314620000,0.1643,0.16443,0.16416,0.16421,303791.0
1742314680000,0.16421,0.16443,0.16414,0.16439,256611.0
1742314740000,0.16439,0.16445,0.16417,0.16425,452165.0
1742314800000,0.16425,0.16462,0.16421,0.16462,1083114.0
1742314860000,0.16462,0.16475,0.16457,0.16459,362357.0
1742314920000,0.16458,0.1648,0.16443,0.16472,388324.0
1742314980000,0.16472,0.16472,0.16444,0.16455,798131.0
1742315040000,0.16454,0.16457,0.16442,0.16456,556564.0
1742315100000,0.16456,0.16456,0.1644,0.16454,149230.0
1742315160000,0.16455,0.16475,0.16455,0.16473,386403.0
1742315220000,0.16473,0.16495,0.16471,0.16492,162217.0
1742315280000,0.16492,0.16502,0.16473,0.16492,911665.0
1742315340000,0.16491,0.16506,0.16488,0.16505,340559.0
1742315400000,0.16505,0.16524,0.165,0.16505,407682.0
1742315460000,0.16504,0.16512,0.16491,0.16497,423916.0
1742315520000,0.16498,0.16523,0.16496,0.16521,974624.0
1742315580000,0.16521,0.16523,0.16494,0.16495,302959.0
1742315640000,0.16496,0.16496,0.16472,0.16486,426920.0
1742315700000,0.16486,0.16507,0.16486,0.16495,113208.0
1742315760000,0.16495,0.16506,0.16489,0.1649,161779.0
1742315820000,0.16489,0.16497,0.16466,0.16468,149226.0
1742315880000,0.16469,0.16477,0.16457,0.16457,340444.0
1742315940000,0.16456,0.16459,0.16443,0.16457,327978.0
1742316000000,0.16457,0.16457,0.16444,0.16452,204729.0
1742316060000,0.16452,0.16453,0.16442,0.16448,75081.0
1742316120000,0.16448,0.16449,0.16424,0.16424,300664.0
1742316180000,0.16424,0.16433,0.1641,0.16411,185625.0
1742316240000,0.1641,0.16412,0.16402,0.16408,322784.0
1742316300000,0.16408,0.1642,0.16396,0.16417,867959.0
1742316360000,0.16418,0.16427,0.16393,0.16393,167055.0
1742316420000,0.16393,0.16396,0.16375,0.16376,192907.0
1742316480000,0.16375,0.16389,0.16365,0.16389,377515.0
1742316540000,0.1639,0.16402,0.16387,0.16396,223000.0
1742316600000,0.16395,0.16396,0.16379,0.16395,226783.0
1742316660000,0.16396,0.16396,0.16369,0.1637,314730.0
1742316720000,0.16369,0.16379,0.16368,0.16377,323194.0
1742316780000,0.16378,0.16399,0.16377,0.16398,121700.0
1742316840000,0.16398,0.16422,0.16398,0.16422,185868.0
1742316900000,0.16423,0.16438,0.16423,0.16436,151153.0
1742316960000,0.16437,0.16448,0.16428,0.16448,206069.0
1742317020000,0.16449,0.16463,0.16449,0.16458,322883.0
1742317080000,0.16458,0.16464,0.16452,0.16453,182981.0
1742317140000,0.16453,0.16471,0.16453,0.16466,138386.0
1742317200000,0.16465,0.16471,0.16455,0.16457,383234.0
1742317260000,0.16458,0.16467,0.16432,0.16456,606302.0
1742317320000,0.16455,0.16471,0.16453,0.16457,258415.0
1742317380000,0.16458,0.16482,0.16458,0.1647,601234.0
1742317440000,0.1647,0.1647,0.1645,0.16452,88790.0
1742317500000,0.16451,0.16451,0.16423,0.16428,177148.0
1742317560000,0.16427,0.16427,0.16396,0.16404,153795.0
1742317620000,0.16403,0.16408,0.16384,0.16385,661896.0
1742317680000,0.16385,0.16398,0.16385,0.16396,139327.0
1742317740000,0.16397,0.16408,0.16382,0.16382,648821.0
1742317800000,0.16383,0.16388,0.16375,0.16388,239401.0
1742317860000,0.16387,0.16408,0.16386,0.16408,204891.0
1742317920000,0.16407,0.16412,0.164,0.16412,96953.0
1742317980000,0.16411,0.16424,0.16406,0.16424,424417.0
1742318040000,0.16424,0.16424,0.16406,0.16409,123307.0
1742318100000,0.16408,0.16415,0.16378,0.16378,140476.0
1742318160000,0.16377,0.16387,0.16371,0.16377,530802.0
1742318220000,0.16377,0.16396,0.16377,0.16383,308131.0
1742318280000,0.16385,0.16389,0.16353,0.1637,284974.0
1742318340000,0.1637,0.16379,0.16326,0.1633,5229914.0
1742318400000,0.16331,0.16346,0.16327,0.1633,397938.0
1742318460000,0.16331,0.16367,0.16327,0.16362,206677.0
1742318520000,0.16363,0.16374,0.16337,0.1634,273063.0
1742318580000,0.1634,0.16343,0.16323,0.16339,636597.0
1742318640000,0.16339,0.16355,0.16335,0.16354,212762.0
1742318700000,0.16354,0.1638,0.16354,0.16365,104304.0
1742318760000,0.16365,0.16377,0.16359,0.16364,114646.0
1742318820000,0.16364,0.16379,0.16357,0.16371,107709.0
1742318880000,0.16372,0.16377,0.16346,0.16347,158327.0
1742318940000,0.16348,0.16355,0.16339,0.16355,437818.0
1742319000000,0.16355,0.16356,0.16331,0.16339,116893.0
1742319060000,0.16339,0.16372,0.16338,0.16367,154683.0
1742319120000,0.16368,0.16368,0.16336,0.16336,441987.0
1742319180000,0.16336,0.16339,0.16287,0.16303,2938154.0
1742319240000,0.16304,0.16341,0.16304,0.1634,270903.0
1742319300000,0.16341,0.16367,0.16341,0.16361,208413.0
1742319360000,0.16362,0.16384,0.16359,0.16381,392104.0
1742319420000,0.16381,0.16386,0.16375,0.16375,94517.0
1742319480000,0.16375,0.16384,0.16374,0.16378,243744.0
1742319540000,0.16379,0.16415,0.16372,0.16415,163075.0
1742319600000,0.16415,0.16426,0.164,0.16401,436939.0
1742319660000,0.16401,0.16401,0.16387,0.16389,595792.0
1742319720000,0.1639,0.16403,0.16386,0.16389,148332.0
1742319780000,0.16389,0.164,0.16388,0.164,217630.0
1742319840000,0.164,0.16401,0.16385,0.16386,217036.0
1742319900000,0.16386,0.16409,0.16378,0.16405,180000.0
1742319960000,0.16405,0.16405,0.16363,0.1637,160259.0
1742320020000,0.16369,0.16373,0.16338,0.16341,365724.0
1742320080000,0.16341,0.16347,0.1633,0.16341,242888.0
1742320140000,0.16342,0.16343,0.16333,0.16337,156327.0
1742320200000,0.16337,0.16358,0.16336,0.16357,269898.0
1742320260000,0.16358,0.16363,0.16341,0.1635,189394.0
1742320320000,0.1635,0.16367,0.16341,0.16345,206423.0
1742320380000,0.16345,0.16358,0.16345,0.16358,109333.0
1742320440000,0.16357,0.1636,0.16343,0.16344,130449.0
1742320500000,0.16343,0.16343,0.16325,0.16339,451528.0
1742320560000,0.16338,0.16338,0.16312,0.16329,483436.0
1742320620000,0.16329,0.1634,0.16329,0.16339,84205.0
1742320680000,0.16339,0.16365,0.16339,0.16365,610985.0
1742320740000,0.16365,0.16373,0.16353,0.16356,600710.0
1742320800000,0.16356,0.16371,0.16351,0.16365,559312.0
1742320860000,0.16365,0.16365,0.16337,0.16344,166856.0
1742320920000,0.16345,0.16382,0.16345,0.16377,137924.0
1742320980000,0.16378,0.1638,0.16357,0.16365,428192.0
1742321040000,0.16366,0.16366,0.1634,0.16366,112188.0
1742321100000,0.16365,0.16407,0.16356,0.16407,265819.0
1742321160000,0.16407,0.16415,0.16397,0.16405,115373.0
1742321220000,0.16406,0.16411,0.16393,0.16403,239667.0
1742321280000,0.16402,0.16405,0.16393,0.16405,186089.0
1742321340000,0.16406,0.16424,0.16406,0.16424,119369.0
1742321400000,0.16424,0.16424,0.16402,0.16415,323677.0
1742321460000,0.16416,0.16421,0.16405,0.16411,130637.0
1742321520000,0.16411,0.16429,0.164,0.16428,506718.0
1742321580000,0.16429,0.1643,0.16414,0.1643,115852.0
1742321640000,0.1643,0.16441,0.16415,0.16435,639734.0
1742321700000,0.16434,0.16437,0.16422,0.16433,313299.0
1742321760000,0.16433,0.16443,0.16428,0.16428,237393.0
1742321820000,0.16429,0.16439,0.16428,0.16431,185242.0
1742321880000,0.1643,0.16445,0.16428,0.16444,169185.0
1742321940000,0.16445,0.16447,0.16432,0.16436,262911.0
1742322000000,0.16435,0.16454,0.16426,0.16454,477015.0
1742322060000,0.16454,0.16455,0.16429,0.16446,271837.0
1742322120000,0.16447,0.16454,0.16441,0.16442,141638.0
1742322180000,0.16442,0.1645,0.16427,0.16427,272137.0
1742322240000,0.16426,0.16426,0.16403,0.1642,370730.0
1742322300000,0.16419,0.16433,0.16406,0.16427,192892.0
1742322360000,0.16428,0.16431,0.16417,0.16418,240487.0
1742322420000,0.16418,0.16421,0.16407,0.16407,63758.0
1742322480000,0.16408,0.16408,0.16385,0.16386,277233.0
1742322540000,0.16387,0.16387,0.16375,0.16375,174768.0
1742322600000,0.16374,0.16399,0.16367,0.16399,231074.0
1742322660000,0.164,0.16408,0.16383,0.16383,84693.0
1742322720000,0.16383,0.16385,0.16356,0.16358,296257.0
1742322780000,0.16358,0.16362,0.16343,0.16343,272727.0
1742322840000,0.16342,0.16365,0.16335,0.16364,389813.0
1742322900000,0.16364,0.16381,0.16364,0.16381,90138.0
1742322960000,0.16382,0.16391,0.16377,0.16391,102417.0
1742323020000,0.16391,0.16404,0.1638,0.16404,132044.0
1742323080000,0.16404,0.1642,0.16404,0.1642,215903.0
1742323140000,0.1642,0.16421,0.16403,0.16403,268890.0
1742323200000,0.16403,0.16423,0.16398,0.16418,149332.0
1742323260000,0.16419,0.1643,0.16418,0.16429,134355.0
1742323320000,0.1643,0.16441,0.16419,0.16423,156018.0
1742323380000,0.16423,0.16426,0.16409,0.1641,192146.0
1742323440000,0.1641,0.16415,0.16403,0.16413,149517.0
1742323500000,0.16413,0.1643,0.16412,0.16427,191047.0
1742323560000,0.16426,0.16451,0.16419,0.16444,1103321.0
1742323620000,0.16444,0.16466,0.16444,0.16448,247227.0
1742323680000,0.16449,0.1646,0.16447,0.16448,438133.0
1742323740000,0.16449,0.16473,0.16438,0.16473,529606.0
1742323800000,0.16473,0.16492,0.1647,0.16478,1298216.0
1742323860000,0.16478,0.16494,0.16475,0.16485,460432.0
1742323920000,0.16484,0.16499,0.16484,0.16492,300504.0
1742323980000,0.16493,0.165,0.1647,0.16473,1076598.0
1742324040000,0.16472,0.16473,0.1646,0.16463,225509.0
1742324100000,0.16463,0.16473,0.16459,0.16473,280171.0
1742324160000,0.16474,0.16477,0.16471,0.16474,201298.0
1742324220000,0.16474,0.16484,0.16465,0.16465,101983.0
1742324280000,0.16465,0.16471,0.16462,0.16469,50319.0
1742324340000,0.1647,0.16484,0.1646,0.16475,201388.0
1742324400000,0.16475,0.16483,0.16467,0.16471,342564.0
1742324460000,0.16472,0.16481,0.16471,0.16478,106025.0
1742324520000,0.16479,0.16502,0.16474,0.16499,397602.0
1742324580000,0.16499,0.16517,0.16499,0.16504,197362.0
1742324640000,0.16505,0.1651,0.16503,0.16504,381701.0
1742324700000,0.16505,0.16518,0.16492,0.16494,300640.0
1742324760000,0.16495,0.16503,0.16495,0.16497,171936.0
1742324820000,0.16498,0.16507,0.16498,0.16507,223693.0
1742324880000,0.16507,0.16518,0.16503,0.16517,162485.0
1742324940000,0.16518,0.16527,0.16515,0.16523,365490.0
1742325000000,0.16522,0.16552,0.16522,0.16543,944160.0
1742325060000,0.16543,0.16547,0.16528,0.16531,268769.0
1742325120000,0.16532,0.16534,0.16523,0.16524,268797.0
1742325180000,0.16524,0.16533,0.16522,0.16533,86519.0
1742325240000,0.16533,0.16539,0.16528,0.16533,899291.0
1742325300000,0.16532,0.16534,0.16519,0.16534,196951.0
1742325360000,0.16535,0.16555,0.16531,0.16531,136843.0
1742325420000,0.16531,0.16539,0.16519,0.16531,215557.0
1742325480000,0.16531,0.16547,0.16523,0.16526,353963.0
1742325540000,0.16526,0.16542,0.16525,0.16535,155430.0
1742325600000,0.16534,0.16562,0.1653,0.16548,216959.0
1742325660000,0.16548,0.16556,0.16535,0.16535,179699.0
1742325720000,0.16535,0.16543,0.16522,0.16537,122195.0
1742325780000,0.16538,0.16538,0.16527,0.16531,56367.0
1742325840000,0.16532,0.16538,0.16531,0.16533,72275.0
1742325900000,0.16534,0.16539,0.16514,0.16514,189438.0
1742325960000,0.16515,0.16517,0.16506,0.16514,191027.0
1742326020000,0.16515,0.1652,0.1651,0.1651,69220.0
1742326080000,0.16511,0.16526,0.16511,0.16513,172590.0
1742326140000,0.16513,0.16525,0.16513,0.16514,63877.0
1742326200000,0.16514,0.16534,0.16513,0.16526,150545.0
1742326260000,0.16527,0.16574,0.16527,0.16573,356551.0
1742326320000,0.16574,0.16588,0.1657,0.16585,295188.0
1742326380000,0.16584,0.1659,0.16573,0.16573,362483.0
1742326440000,0.16573,0.16573,0.16564,0.16568,467192.0
1742326500000,0.16569,0.16574,0.16561,0.16563,1596055.0
1742326560000,0.16563,0.16573,0.16557,0.16566,231849.0
1742326620000,0.16565,0.16571,0.16558,0.16567,143243.0
1742326680000,0.16566,0.16571,0.16561,0.16563,128241.0
1742326740000,0.16563,0.16563,0.16553,0.16556,240673.0
1742326800000,0.16557,0.16571,0.16545,0.1657,451122.0
1742326860000,0.16571,0.16571,0.16562,0.16571,108903.0
1742326920000,0.1657,0.1657,0.16552,0.1656,211031.0
1742326980000,0.16561,0.16566,0.16557,0.1656,162055.0
1742327040000,0.1656,0.16561,0.16542,0.16557,171757.0
1742327100000,0.16557,0.16566,0.16556,0.16563,325383.0
1742327160000,0.16564,0.16579,0.1656,0.16566,347578.0
1742327220000,0.16565,0.16583,0.16561,0.16582,82528.0
1742327280000,0.16583,0.16598,0.16567,0.1657,931764.0
1742327340000,0.16569,0.1657,0.16558,0.16565,303331.0
1742327400000,0.16564,0.16584,0.16554,0.16581,1500142.0
1742327460000,0.1658,0.16612,0.16574,0.16612,500846.0
1742327520000,0.16613,0.16615,0.16606,0.16611,233394.0
1742327580000,0.16611,0.16615,0.16594,0.16599,599465.0
1742327640000,0.166,0.16603,0.16582,0.16593,278239.0
1742327700000,0.16593,0.166,0.16578,0.16591,198711.0
1742327760000,0.16592,0.16626,0.16592,0.16623,422384.0
1742327820000,0.16623,0.16643,0.16618,0.16638,446845.0
1742327880000,0.16638,0.16648,0.16632,0.16641,514179.0
1742327940000,0.16641,0.16641,0.16615,0.1663,1020441.0
1742328000000,0.1663,0.16652,0.16629,0.16639,816063.0
1742328060000,0.16639,0.16639,0.16622,0.16624,654201.0
1742328120000,0.16624,0.16627,0.16615,0.16619,393055.0
1742328180000,0.1662,0.16623,0.16615,0.1662,673891.0
1742328240000,0.16621,0.16634,0.16621,0.16634,112618.0
1742328300000,0.16635,0.16639,0.16631,0.16631,72981.0
1742328360000,0.16632,0.16632,0.16617,0.16626,105114.0
1742328420000,0.16626,0.16631,0.16618,0.16628,54321.0
1742328480000,0.16629,0.16655,0.16628,0.16653,372429.0
1742328540000,0.16653,0.1666,0.16643,0.16644,251500.0
1742328600000,0.16645,0.16647,0.16623,0.16623,128592.0
1742328660000,0.16623,0.16624,0.1662,0.16624,279170.0
1742328720000,0.16624,0.16624,0.16614,0.16617,299081.0
1742328780000,0.16616,0.16621,0.166,0.166,328499.0
1742328840000,0.16601,0.16605,0.16581,0.16582,209323.0
1742328900000,0.16583,0.16595,0.16583,0.1659,131512.0
1742328960000,0.16589,0.16589,0.16579,0.16579,448198.0
1742329020000,0.1658,0.16586,0.1657,0.1657,99835.0
1742329080000,0.16571,0.16586,0.16571,0.16586,227450.0
1742329140000,0.16586,0.1659,0.16578,0.1658,389800.0
1742329200000,0.16581,0.16584,0.16565,0.16567,258319.0
1742329260000,0.16566,0.16574,0.16563,0.16564,369280.0
1742329320000,0.16563,0.16574,0.16563,0.16567,64398.0
1742329380000,0.16566,0.16567,0.16557,0.16558,201547.0
1742329440000,0.16558,0.16566,0.16557,0.16565,198234.0
1742329500000,0.16565,0.16572,0.16564,0.16571,237969.0
1742329560000,0.1657,0.16576,0.16558,0.16569,119221.0
1742329620000,0.16568,0.16568,0.16538,0.16546,542696.0
1742329680000,0.16546,0.16557,0.16545,0.16557,94452.0
1742329740000,0.16557,0.16557,0.16549,0.1655,20993.0
1742329800000,0.1655,0.16558,0.16549,0.16552,187598.0
1742329860000,0.16553,0.16553,0.16532,0.16533,183356.0
1742329920000,0.16533,0.16543,0.16533,0.16543,108722.0
1742329980000,0.16542,0.16558,0.16541,0.16558,72369.0
1742330040000,0.16557,0.16557,0.16544,0.16549,141404.0
1742330100000,0.16549,0.16562,0.16549,0.16555,379007.0
1742330160000,0.16556,0.16556,0.16536,0.1654,156369.0
1742330220000,0.1654,0.16555,0.16538,0.16553,109379.0
1742330280000,0.16554,0.16561,0.16548,0.16552,713490.0
1742330340000,0.16552,0.16562,0.16551,0.16562,56915.0
1742330400000,0.16561,0.16566,0.16555,0.16564,68978.0
1742330460000,0.16564,0.16575,0.1656,0.16573,134276.0
1742330520000,0.16574,0.16581,0.16572,0.16578,16704.0
1742330580000,0.16578,0.16581,0.16575,0.16575,18748.0
1742330640000,0.16575,0.16579,0.16563,0.16563,124551.0
1742330700000,0.16563,0.16568,0.1655,0.16558,87948.0
1742330760000,0.16559,0.1657,0.16559,0.1657,59415.0
1742330820000,0.1657,0.16596,0.1657,0.16594,901370.0
1742330880000,0.16595,0.16602,0.16595,0.16596,105853.0
1742330940000,0.16596,0.16597,0.16583,0.1659,63745.0
1742331000000,0.16589,0.16606,0.16587,0.16604,373290.0
1742331060000,0.16604,0.16605,0.16585,0.16591,85398.0
1742331120000,0.16592,0.1661,0.16591,0.1661,90497.0
1742331180000,0.1661,0.16622,0.1661,0.16622,73015.0
1742331240000,0.16621,0.16629,0.16621,0.16625,277415.0
1742331300000,0.16625,0.16629,0.16621,0.16628,189717.0
1742331360000,0.16629,0.16632,0.16612,0.16629,3415770.0
1742331420000,0.16629,0.16635,0.16624,0.16635,180754.0
1742331480000,0.16634,0.16634,0.16619,0.16622,196158.0
1742331540000,0.16623,0.1663,0.16617,0.16617,124256.0
1742331600000,0.16617,0.16622,0.16607,0.16619,170910.0
1742331660000,0.16619,0.16623,0.16612,0.1662,194839.0
1742331720000,0.1662,0.16631,0.16618,0.16629,121874.0
1742331780000,0.16629,0.16632,0.16628,0.16632,52344.0
1742331840000,0.16633,0.16633,0.1662,0.16623,68511.0
1742331900000,0.16623,0.16637,0.16623,0.16635,72993.0
1742331960000,0.16635,0.16641,0.1663,0.16641,69727.0
1742332020000,0.1664,0.16645,0.16623,0.16628,671007.0
1742332080000,0.16629,0.16638,0.16629,0.16636,65193.0
1742332140000,0.16636,0.16636,0.16632,0.16635,157464.0
1742332200000,0.16635,0.16636,0.16627,0.16627,262048.0
1742332260000,0.16627,0.16627,0.1662,0.16621,91748.0
1742332320000,0.16622,0.1664,0.16622,0.1664,180379.0
1742332380000,0.16641,0.1667,0.16638,0.16662,777005.0
1742332440000,0.16662,0.16694,0.16662,0.1669,1794746.0
1742332500000,0.16689,0.16693,0.1668,0.16693,335604.0
1742332560000,0.16694,0.16702,0.16693,0.16696,553454.0
1742332620000,0.16695,0.16696,0.16677,0.16682,187932.0
1742332680000,0.16682,0.16683,0.16675,0.16675,163816.0
1742332740000,0.16675,0.16689,0.16675,0.16679,188302.0
1742332800000,0.16679,0.16685,0.16664,0.16664,144274.0
1742332860000,0.16663,0.16665,0.16655,0.16663,337780.0
1742332920000,0.16663,0.16665,0.16655,0.16664,88198.0
1742332980000,0.16664,0.16668,0.16652,0.16652,149526.0
1742333040000,0.16652,0.16652,0.16638,0.16638,157423.0
1742333100000,0.16639,0.16658,0.16638,0.16654,294567.0
1742333160000,0.16653,0.1666,0.16653,0.16658,77127.0
1742333220000,0.16658,0.16659,0.16655,0.16656,103181.0
1742333280000,0.16657,0.16657,0.16646,0.16647,139005.0
1742333340000,0.16647,0.16653,0.16647,0.16652,158581.0
1742333400000,0.16653,0.16657,0.16649,0.16649,78605.0
1742333460000,0.1665,0.1665,0.16649,0.1665,67086.0
1742333520000,0.1665,0.1665,0.16643,0.16643,171226.0
1742333580000,0.16643,0.16643,0.1661,0.16619,173310.0
1742333640000,0.1662,0.16632,0.16619,0.1663,212058.0
1742333700000,0.1663,0.1663,0.16607,0.16607,268786.0
1742333760000,0.16607,0.16618,0.16601,0.16615,205054.0
1742333820000,0.16615,0.16619,0.16607,0.16619,115035.0
1742333880000,0.16618,0.16624,0.16617,0.16621,55441.0
1742333940000,0.1662,0.16621,0.16619,0.1662,19299.0
1742334000000,0.1662,0.16624,0.16615,0.16616,105079.0
1742334060000,0.16615,0.16625,0.16609,0.1661,88523.0
1742334120000,0.16611,0.16614,0.16609,0.16609,46370.0
1742334180000,0.16609,0.16616,0.16608,0.16611,331530.0
1742334240000,0.1661,0.1662,0.16607,0.1662,224748.0
1742334300000,0.1662,0.16625,0.16619,0.16619,48448.0
1742334360000,0.16619,0.1662,0.16618,0.1662,10799.0
1742334420000,0.1662,0.16622,0.16616,0.16616,55087.0
1742334480000,0.16617,0.16617,0.16596,0.16596,129504.0
1742334540000,0.16596,0.16608,0.16591,0.16608,171120.0
1742334600000,0.16607,0.16609,0.16599,0.16602,55627.0
1742334660000,0.16603,0.16604,0.166,0.16603,19936.0
1742334720000,0.16603,0.16604,0.166,0.16603,10476.0
1742334780000,0.16604,0.16618,0.16603,0.16618,23411.0
1742334840000,0.16619,0.16635,0.16619,0.16635,30715.0
1742334900000,0.16634,0.16637,0.16634,0.16635,152904.0
1742334960000,0.16634,0.16639,0.16623,0.16623,157070.0
1742335020000,0.16623,0.16628,0.16613,0.16618,151399.0
1742335080000,0.16618,0.16632,0.16618,0.16631,180363.0
1742335140000,0.16631,0.16645,0.16623,0.1664,258255.0
1742335200000,0.1664,0.1664,0.16618,0.16619,140371.0
1742335260000,0.16618,0.16634,0.16613,0.16634,86833.0
1742335320000,0.16634,0.16645,0.16627,0.16645,293848.0
1742335380000,0.16645,0.16669,0.16642,0.16664,122261.0
1742335440000,0.16663,0.16678,0.16662,0.16676,140021.0
1742335500000,0.16677,0.16677,0.1665,0.1665,213650.0
1742335560000,0.1665,0.16662,0.16646,0.16662,59946.0
1742335620000,0.16661,0.16661,0.16647,0.16647,46381.0
1742335680000,0.16647,0.16648,0.16631,0.16631,146993.0
1742335740000,0.16631,0.16659,0.1663,0.1665,123249.0
1742335800000,0.16649,0.16654,0.16639,0.16645,84229.0
1742335860000,0.16644,0.16659,0.16644,0.1665,84305.0
1742335920000,0.16651,0.16671,0.16651,0.16659,400862.0
1742335980000,0.16659,0.16691,0.16659,0.16686,547169.0
1742336040000,0.16685,0.16689,0.16665,0.16666,194464.0
1742336100000,0.16666,0.16679,0.16666,0.16666,190386.0
1742336160000,0.16666,0.16671,0.16658,0.16662,99379.0
1742336220000,0.16662,0.16669,0.1666,0.16663,83356.0
1742336280000,0.16663,0.16667,0.16655,0.16657,182970.0
1742336340000,0.16657,0.16659,0.16652,0.16656,76958.0
1742336400000,0.16657,0.16664,0.16656,0.16661,248492.0
1742336460000,0.16662,0.16679,0.16656,0.16679,193923.0
1742336520000,0.16679,0.16679,0.16668,0.16676,214875.0
1742336580000,0.16676,0.16684,0.16672,0.16672,147535.0
1742336640000,0.16672,0.16693,0.16672,0.16689,226230.0
1742336700000,0.1669,0.16696,0.16684,0.16687,406915.0
1742336760000,0.16688,0.16696,0.16688,0.16695,39728.0
1742336820000,0.16695,0.16695,0.16686,0.16689,258049.0
1742336880000,0.1669,0.16691,0.16672,0.16672,185634.0
1742336940000,0.16673,0.16673,0.16667,0.16668,317288.0
1742337000000,0.16667,0.16671,0.16663,0.16663,144666.0
1742337060000,0.16664,0.16666,0.16657,0.16657,46283.0
1742337120000,0.16657,0.16682,0.16657,0.1668,95619.0
1742337180000,0.16681,0.16704,0.16681,0.16697,3337189.0
1742337240000,0.16698,0.167,0.16689,0.16689,200491.0
1742337300000,0.1669,0.16699,0.1669,0.16695,42816.0
1742337360000,0.16696,0.16715,0.16696,0.16711,279095.0
1742337420000,0.16711,0.16716,0.16704,0.16716,109179.0
1742337480000,0.16716,0.16723,0.16712,0.16721,106121.0
1742337540000,0.1672,0.16727,0.16704,0.16704,1045338.0
1742337600000,0.16705,0.16706,0.16701,0.16703,167932.0
1742337660000,0.16704,0.16742,0.16704,0.1674,5910838.0
1742337720000,0.1674,0.16741,0.16733,0.16733,153323.0
1742337780000,0.16734,0.16756,0.16734,0.16752,272599.0
1742337840000,0.16751,0.16751,0.16746,0.16751,693143.0
1742337900000,0.16751,0.16756,0.16743,0.16743,376964.0
1742337960000,0.16743,0.16751,0.1674,0.16741,54524.0
1742338020000,0.16742,0.16748,0.16733,0.16746,171533.0
1742338080000,0.16747,0.16747,0.16732,0.16734,32533.0
1742338140000,0.16734,0.1674,0.16732,0.16737,132012.0
1742338200000,0.16738,0.1676,0.16738,0.16756,137566.0
1742338260000,0.16757,0.1677,0.16757,0.16767,193599.0
1742338320000,0.16768,0.16782,0.16768,0.16777,106579.0
1742338380000,0.16777,0.16794,0.16772,0.16793,202398.0
1742338440000,0.16794,0.16799,0.16779,0.16782,85694.0
1742338500000,0.16781,0.16794,0.16781,0.1679,89149.0
1742338560000,0.16791,0.16803,0.16791,0.16802,238213.0
1742338620000,0.16803,0.16803,0.1679,0.16791,213494.0
1742338680000,0.1679,0.1679,0.16776,0.16777,127981.0
1742338740000,0.16776,0.16778,0.16762,0.16762,223216.0
1742338800000,0.16763,0.16774,0.16763,0.16772,223568.0
1742338860000,0.16772,0.16788,0.16772,0.1678,343679.0
1742338920000,0.16781,0.16795,0.16781,0.16787,82545.0
1742338980000,0.16787,0.16794,0.16783,0.16787,103353.0
1742339040000,0.16786,0.16811,0.16785,0.16808,226989.0
1742339100000,0.16809,0.16823,0.16809,0.16815,251465.0
1742339160000,0.16814,0.16831,0.16812,0.16828,239318.0
1742339220000,0.16828,0.16833,0.16825,0.16828,256043.0
1742339280000,0.16828,0.16839,0.16824,0.16826,221493.0
1742339340000,0.16826,0.16829,0.16818,0.1682,99402.0
1742339400000,0.16819,0.16826,0.16812,0.16812,50910.0
1742339460000,0.16813,0.16819,0.16795,0.168,607449.0
1742339520000,0.168,0.16809,0.16799,0.16804,95380.0
1742339580000,0.16805,0.1683,0.16805,0.16828,189215.0
1742339640000,0.16829,0.16834,0.16826,0.16827,545816.0
1742339700000,0.16828,0.1686,0.16827,0.16854,799442.0
1742339760000,0.16854,0.16872,0.16847,0.16855,405175.0
1742339820000,0.16856,0.16864,0.16848,0.16857,152170.0
1742339880000,0.16858,0.16858,0.1684,0.16843,345471.0
1742339940000,0.16843,0.16843,0.16816,0.16817,141098.0
1742340000000,0.16817,0.16827,0.1681,0.16821,246147.0
1742340060000,0.16821,0.16821,0.16807,0.16808,105133.0
1742340120000,0.16808,0.16811,0.16796,0.16797,917689.0
1742340180000,0.16796,0.16814,0.16796,0.16811,220050.0
1742340240000,0.16811,0.16814,0.16802,0.16805,320755.0
1742340300000,0.16806,0.16806,0.1679,0.16792,273272.0
1742340360000,0.16793,0.16798,0.16792,0.16794,250109.0
1742340420000,0.16794,0.16801,0.16791,0.16796,122032.0
1742340480000,0.16797,0.16816,0.16797,0.16806,371005.0
1742340540000,0.16806,0.16835,0.16805,0.16827,3598355.0
1742340600000,0.16827,0.1684,0.16822,0.16827,271122.0
1742340660000,0.16828,0.1683,0.16808,0.16813,416459.0
1742340720000,0.16812,0.16814,0.16794,0.16797,200449.0
1742340780000,0.16797,0.16813,0.16794,0.1681,158793.0
1742340840000,0.16809,0.16821,0.16805,0.16808,138259.0
1742340900000,0.16808,0.16812,0.168,0.168,274479.0
1742340960000,0.168,0.16801,0.16793,0.16793,102792.0
1742341020000,0.16793,0.16808,0.1679,0.16807,191266.0
1742341080000,0.16807,0.16817,0.16803,0.16808,441868.0
1742341140000,0.16809,0.16811,0.16796,0.16797,35639.0
1742341200000,0.16797,0.16805,0.16795,0.16798,329055.0
1742341260000,0.16798,0.16811,0.16794,0.1681,476049.0
1742341320000,0.16811,0.16819,0.16801,0.16801,106035.0
1742341380000,0.16802,0.16811,0.16794,0.16794,101476.0
1742341440000,0.16795,0.16802,0.16795,0.16799,138524.0
1742341500000,0.16798,0.16798,0.1679,0.16792,178850.0
1742341560000,0.16792,0.16797,0.16792,0.16796,86977.0
1742341620000,0.16796,0.16809,0.16796,0.16802,127246.0
1742341680000,0.16803,0.16816,0.16803,0.16812,50345.0
1742341740000,0.16812,0.16813,0.16801,0.16801,169328.0
1742341800000,0.16801,0.16813,0.16798,0.16813,169547.0
1742341860000,0.16812,0.16825,0.16811,0.16824,265229.0
1742341920000,0.16824,0.16836,0.16823,0.16833,647174.0
1742341980000,0.16832,0.16832,0.16815,0.16815,130463.0
1742342040000,0.16814,0.16824,0.16812,0.16814,186887.0
1742342100000,0.16814,0.16824,0.16813,0.16814,208400.0
1742342160000,0.16815,0.16815,0.16799,0.16801,157197.0
1742342220000,0.16802,0.16804,0.16799,0.16804,40020.0
1742342280000,0.16805,0.1681,0.16802,0.16806,168064.0
1742342340000,0.16806,0.16812,0.16801,0.16802,101323.0
1742342400000,0.16803,0.16815,0.16794,0.16794,196587.0
1742342460000,0.16794,0.16795,0.16763,0.16768,909772.0
1742342520000,0.16767,0.16778,0.16767,0.16774,510755.0
1742342580000,0.16775,0.16776,0.16756,0.16761,233963.0
1742342640000,0.16762,0.16772,0.16759,0.16759,372242.0
1742342700000,0.16758,0.1678,0.16757,0.16773,269215.0
1742342760000,0.16773,0.16789,0.16773,0.16784,77615.0
1742342820000,0.16784,0.16793,0.1678,0.16788,113212.0
1742342880000,0.16788,0.16803,0.16782,0.16799,606590.0
1742342940000,0.16799,0.16806,0.16793,0.16798,156774.0
1742343000000,0.16799,0.16814,0.16798,0.16801,133174.0
1742343060000,0.16802,0.1681,0.16801,0.16804,53516.0
1742343120000,0.16804,0.16805,0.16795,0.16799,121662.0
1742343180000,0.16798,0.16805,0.16786,0.16805,121543.0
1742343240000,0.16805,0.16807,0.16796,0.16798,372569.0
1742343300000,0.16798,0.16809,0.16792,0.16806,138237.0
1742343360000,0.16806,0.1682,0.16806,0.16817,513524.0
1742343420000,0.16818,0.1684,0.16818,0.16835,200759.0
1742343480000,0.16835,0.16837,0.16804,0.16815,196590.0
1742343540000,0.16814,0.16826,0.16811,0.16825,383980.0
1742343600000,0.16826,0.16845,0.16823,0.1684,220594.0
1742343660000,0.1684,0.16853,0.1684,0.16848,113138.0
1742343720000,0.16849,0.16875,0.16849,0.16866,436336.0
1742343780000,0.16866,0.16866,0.16848,0.16849,135049.0
1742343840000,0.16849,0.16851,0.16835,0.16848,132213.0
1742343900000,0.16848,0.16884,0.16848,0.16876,456835.0
1742343960000,0.16876,0.16878,0.16865,0.1687,304853.0
1742344020000,0.16869,0.16877,0.16857,0.16874,183629.0
1742344080000,0.16874,0.16892,0.16874,0.1689,464563.0
1742344140000,0.16891,0.16908,0.1688,0.1688,1010481.0
1742344200000,0.16881,0.16921,0.16881,0.16919,550720.0
1742344260000,0.1692,0.16953,0.1692,0.16937,816789.0
1742344320000,0.16936,0.16947,0.16906,0.16906,445037.0
1742344380000,0.16905,0.16917,0.16905,0.16906,164526.0
1742344440000,0.16906,0.16912,0.16883,0.16886,204077.0
1742344500000,0.16886,0.16916,0.16886,0.16905,124849.0
1742344560000,0.16905,0.16912,0.16894,0.169,183225.0
1742344620000,0.16901,0.16908,0.16892,0.16893,38341.0
1742344680000,0.16892,0.16898,0.16872,0.16877,535817.0
1742344740000,0.16877,0.16877,0.16865,0.16873,674062.0
1742344800000,0.16873,0.16878,0.16862,0.16863,139040.0
1742344860000,0.16864,0.16877,0.1686,0.16877,422670.0
1742344920000,0.16876,0.16876,0.16858,0.16858,115362.0
1742344980000,0.16859,0.1686,0.16853,0.16855,54668.0
1742345040000,0.16856,0.16859,0.16846,0.16857,1011786.0
1742345100000,0.16857,0.16875,0.16857,0.16875,157767.0
1742345160000,0.16875,0.169,0.16875,0.16899,97598.0
1742345220000,0.16899,0.16917,0.16897,0.16916,310798.0
1742345280000,0.16916,0.16916,0.16893,0.16893,228406.0
1742345340000,0.16892,0.16893,0.16879,0.1688,242175.0
1742345400000,0.1688,0.16899,0.1688,0.16895,788203.0
1742345460000,0.16895,0.16913,0.16891,0.16913,501848.0
1742345520000,0.16913,0.16927,0.1691,0.16913,1470120.0
1742345580000,0.16913,0.16913,0.16898,0.16907,232592.0
1742345640000,0.16907,0.16907,0.1689,0.1689,183874.0
1742345700000,0.16891,0.16893,0.16875,0.16876,90046.0
1742345760000,0.16875,0.16878,0.16871,0.16874,94633.0
1742345820000,0.16873,0.16873,0.16854,0.16856,986137.0
1742345880000,0.16857,0.16867,0.16855,0.16866,622459.0
1742345940000,0.16865,0.16884,0.16863,0.16871,468930.0
1742346000000,0.16871,0.16891,0.16869,0.16882,223050.0
1742346060000,0.16881,0.16881,0.16858,0.16858,396596.0
1742346120000,0.16858,0.16869,0.16856,0.1686,260920.0
1742346180000,0.1686,0.16866,0.16849,0.16862,106844.0
1742346240000,0.16861,0.16862,0.16849,0.16853,125424.0
1742346300000,0.16854,0.16859,0.16847,0.16848,97097.0
1742346360000,0.16848,0.16857,0.16841,0.16845,352978.0
1742346420000,0.16846,0.16862,0.16846,0.16853,250825.0
1742346480000,0.16852,0.16852,0.16826,0.16828,529462.0
1742346540000,0.16829,0.16841,0.16829,0.16832,305436.0
1742346600000,0.16833,0.16845,0.16833,0.16845,89943.0
1742346660000,0.16845,0.1685,0.16827,0.16827,120647.0
1742346720000,0.16827,0.16827,0.16816,0.16816,207401.0
1742346780000,0.16816,0.16819,0.16808,0.16811,222647.0
1742346840000,0.1681,0.1681,0.16795,0.16797,299077.0
1742346900000,0.16797,0.16813,0.16776,0.16813,6245672.0
1742346960000,0.16813,0.16818,0.16803,0.16813,129181.0
1742347020000,0.16812,0.16819,0.16802,0.16814,170393.0
1742347080000,0.16815,0.16817,0.16803,0.16817,193893.0
1742347140000,0.16817,0.16819,0.168,0.168,134001.0
1742347200000,0.168,0.16805,0.16785,0.16786,2063630.0
1742347260000,0.16786,0.1679,0.16772,0.16773,229792.0
1742347320000,0.16772,0.16788,0.16765,0.16788,308439.0
1742347380000,0.16788,0.16788,0.16772,0.16785,313382.0
1742347440000,0.16784,0.1679,0.16782,0.16784,180209.0
1742347500000,0.16783,0.16785,0.16779,0.16783,193937.0
1742347560000,0.16782,0.16805,0.16781,0.16802,166799.0
1742347620000,0.16801,0.16802,0.1678,0.16782,261331.0
1742347680000,0.16781,0.16783,0.16771,0.16774,159193.0
1742347740000,0.16774,0.16778,0.16769,0.16778,186256.0
1742347800000,0.16778,0.16779,0.16769,0.16778,640000.0
1742347860000,0.16779,0.16779,0.16748,0.16748,537678.0
1742347920000,0.16749,0.16773,0.16749,0.16771,237549.0
1742347980000,0.16771,0.16792,0.1677,0.16791,105149.0
1742348040000,0.16792,0.16794,0.1677,0.16773,304773.0
1742348100000,0.16772,0.1678,0.16768,0.16768,90427.0
1742348160000,0.16768,0.16769,0.16759,0.16764,89053.0
1742348220000,0.16763,0.16778,0.16757,0.16758,315706.0
1742348280000,0.16758,0.16764,0.16754,0.16758,149446.0
1742348340000,0.16757,0.16772,0.16753,0.16772,227341.0
1742348400000,0.16772,0.16785,0.16764,0.16766,117906.0
1742348460000,0.16767,0.16778,0.16765,0.16777,165689.0
1742348520000,0.16777,0.16778,0.16756,0.16764,225137.0
1742348580000,0.16765,0.1677,0.16762,0.16769,65913.0
1742348640000,0.16769,0.1678,0.16769,0.16779,382060.0
1742348700000,0.16778,0.16804,0.16778,0.16804,117416.0
1742348760000,0.16804,0.16804,0.16783,0.16793,185645.0
1742348820000,0.16794,0.16819,0.16792,0.16805,138108.0
1742348880000,0.16806,0.1681,0.16792,0.16792,145690.0
1742348940000,0.16791,0.16794,0.16784,0.16784,82095.0
1742349000000,0.16785,0.16792,0.16778,0.16789,80419.0
1742349060000,0.1679,0.16799,0.16786,0.16798,158396.0
1742349120000,0.16798,0.16804,0.16783,0.16784,165941.0
1742349180000,0.16784,0.16784,0.16771,0.16775,222948.0
1742349240000,0.16775,0.16781,0.16769,0.16769,148127.0
1742349300000,0.16769,0.16769,0.16728,0.16728,909471.0
1742349360000,0.16727,0.16734,0.16721,0.16731,240783.0
1742349420000,0.16732,0.16733,0.16721,0.16728,182880.0
1742349480000,0.16728,0.16729,0.16713,0.16717,489541.0
1742349540000,0.16717,0.16718,0.16699,0.16702,396519.0
1742349600000,0.16703,0.16725,0.16703,0.16717,3806318.0
1742349660000,0.16716,0.16733,0.16706,0.16732,285422.0
1742349720000,0.16731,0.16739,0.16717,0.16724,310266.0
1742349780000,0.16724,0.1673,0.16711,0.16712,167436.0
1742349840000,0.16711,0.16712,0.16683,0.16708,423481.0
1742349900000,0.16709,0.16709,0.16683,0.16683,737033.0
1742349960000,0.16684,0.16703,0.16678,0.16699,436186.0
1742350020000,0.16698,0.16698,0.16685,0.16694,203698.0
1742350080000,0.16695,0.16709,0.1669,0.16709,231196.0
1742350140000,0.16709,0.16711,0.16698,0.1671,294189.0
1742350200000,0.16711,0.16734,0.16706,0.1673,248910.0
1742350260000,0.16729,0.16736,0.16728,0.16736,187876.0
1742350320000,0.16736,0.16749,0.16722,0.16746,402770.0
1742350380000,0.16747,0.1675,0.16726,0.1673,148172.0
1742350440000,0.16731,0.16736,0.16725,0.16729,643884.0
1742350500000,0.16728,0.1674,0.16716,0.1674,356931.0
1742350560000,0.16739,0.16753,0.16736,0.16753,68770.0
1742350620000,0.16754,0.16759,0.16744,0.16746,94020.0
1742350680000,0.16745,0.16745,0.16735,0.16737,96593.0
1742350740000,0.16737,0.16748,0.16737,0.16741,69685.0
1742350800000,0.16741,0.16766,0.16741,0.16764,68557.0
1742350860000,0.16764,0.16764,0.16749,0.16749,105125.0
1742350920000,0.1675,0.16753,0.16733,0.16736,103021.0
1742350980000,0.16737,0.16739,0.16734,0.16737,34375.0
1742351040000,0.16738,0.1674,0.16731,0.16731,44671.0
1742351100000,0.16731,0.16736,0.16722,0.16736,264255.0
1742351160000,0.16737,0.16737,0.16716,0.16716,63771.0
1742351220000,0.16717,0.16729,0.16711,0.16729,66638.0
1742351280000,0.16728,0.16739,0.16723,0.16739,39573.0
1742351340000,0.16738,0.16738,0.16724,0.16724,75166.0
1742351400000,0.16725,0.16725,0.16709,0.16709,105432.0
1742351460000,0.16709,0.16724,0.16708,0.16724,21462.0
1742351520000,0.16725,0.1673,0.16713,0.16729,86762.0
1742351580000,0.16729,0.16729,0.16709,0.16711,117261.0
1742351640000,0.16711,0.16734,0.16711,0.16734,87481.0
1742351700000,0.16734,0.16752,0.16731,0.1675,201679.0
1742351760000,0.1675,0.16761,0.1674,0.1676,110190.0
1742351820000,0.16759,0.16768,0.16751,0.16767,283140.0
1742351880000,0.16767,0.16768,0.16758,0.16758,91216.0
1742351940000,0.16757,0.16768,0.16754,0.16754,69763.0
1742352000000,0.16754,0.1677,0.16748,0.16769,108870.0
1742352060000,0.16769,0.1677,0.16755,0.16755,149366.0
1742352120000,0.16756,0.16759,0.16751,0.16756,126787.0
1742352180000,0.16757,0.16769,0.16757,0.16763,108621.0
1742352240000,0.16764,0.16764,0.16753,0.16753,130221.0
1742352300000,0.16754,0.16754,0.16746,0.16751,663157.0
1742352360000,0.16751,0.16756,0.16746,0.1675,78363.0
1742352420000,0.16751,0.16757,0.16744,0.16745,62320.0
1742352480000,0.16744,0.16746,0.16732,0.16732,76759.0
1742352540000,0.16732,0.16753,0.16732,0.16753,241619.0
1742352600000,0.16753,0.16784,0.16753,0.16782,166093.0
1742352660000,0.16781,0.16781,0.1677,0.1677,87234.0
1742352720000,0.16771,0.16772,0.16767,0.16768,64474.0
1742352780000,0.16769,0.16778,0.16769,0.16778,87714.0
1742352840000,0.16777,0.16777,0.16771,0.16774,68412.0
1742352900000,0.16774,0.1678,0.16765,0.1678,179113.0
1742352960000,0.16781,0.16788,0.1678,0.16788,61904.0
1742353020000,0.16788,0.16794,0.16788,0.1679,48919.0
1742353080000,0.16789,0.16793,0.16786,0.16792,51243.0
1742353140000,0.16792,0.16798,0.16792,0.16793,142039.0
1742353200000,0.16793,0.16814,0.16793,0.16813,125739.0
1742353260000,0.16814,0.16814,0.16791,0.16808,210734.0
1742353320000,0.16809,0.16817,0.16807,0.16817,126825.0
1742353380000,0.16817,0.16825,0.16812,0.16823,116471.0
1742353440000,0.16824,0.16831,0.16812,0.16822,197290.0
1742353500000,0.16822,0.1683,0.16821,0.16823,824210.0
1742353560000,0.16822,0.1686,0.16822,0.16858,688591.0
1742353620000,0.16859,0.16863,0.1685,0.1685,169135.0
1742353680000,0.16849,0.16851,0.16843,0.16843,235104.0
1742353740000,0.16843,0.16843,0.16833,0.16835,92428.0
1742353800000,0.16835,0.16837,0.16829,0.16829,70910.0
1742353860000,0.16828,0.16839,0.16828,0.16838,644432.0
1742353920000,0.16838,0.16846,0.16835,0.16844,111822.0
1742353980000,0.16843,0.16856,0.16843,0.16851,1234571.0
1742354040000,0.16852,0.16888,0.1685,0.16888,960653.0
1742354100000,0.16887,0.16899,0.1687,0.16871,410764.0
1742354160000,0.16872,0.16874,0.16855,0.16871,198149.0
1742354220000,0.1687,0.1687,0.16854,0.16859,189876.0
1742354280000,0.16858,0.16859,0.16844,0.16845,51790.0
1742354340000,0.16845,0.16851,0.16845,0.16846,54120.0
1742354400000,0.16846,0.16846,0.16829,0.16841,107075.0
1742354460000,0.16841,0.16842,0.16822,0.16828,227715.0
1742354520000,0.16828,0.1683,0.16821,0.16822,42533.0
1742354580000,0.16822,0.16822,0.16808,0.1681,28060.0
1742354640000,0.16811,0.16819,0.16808,0.16819,40715.0
1742354700000,0.1682,0.16821,0.16813,0.16818,84300.0
1742354760000,0.16819,0.16822,0.16814,0.16814,70717.0
1742354820000,0.16814,0.16814,0.16766,0.16787,6655027.0
1742354880000,0.16787,0.16795,0.16782,0.16795,375498.0
1742354940000,0.16794,0.16795,0.1679,0.16793,99370.0
1742355000000,0.16794,0.168,0.1679,0.16793,113100.0
1742355060000,0.16794,0.16803,0.16794,0.16796,207468.0
1742355120000,0.16796,0.1681,0.16796,0.1681,36298.0
1742355180000,0.16809,0.16822,0.16807,0.16822,123605.0
1742355240000,0.16821,0.16833,0.16821,0.16828,56461.0
1742355300000,0.16828,0.16847,0.16828,0.16845,235657.0
1742355360000,0.16846,0.16847,0.16836,0.16837,249385.0
1742355420000,0.16836,0.16847,0.16836,0.1684,79264.0
1742355480000,0.16841,0.16868,0.16841,0.16857,195970.0
1742355540000,0.16857,0.16862,0.16843,0.16848,344788.0
1742355600000,0.16848,0.16848,0.16844,0.16846,99806.0
1742355660000,0.16847,0.16861,0.16847,0.16858,113719.0
1742355720000,0.16858,0.16869,0.16851,0.16867,82300.0
1742355780000,0.16867,0.16877,0.1686,0.16865,743643.0
1742355840000,0.16864,0.16867,0.1685,0.16853,187518.0
1742355900000,0.16853,0.16859,0.16852,0.16853,66129.0
1742355960000,0.16853,0.16866,0.16853,0.16865,21702.0
1742356020000,0.16864,0.16874,0.16862,0.16867,377597.0
1742356080000,0.16867,0.16871,0.16856,0.16857,494223.0
1742356140000,0.16858,0.16858,0.16845,0.16846,329124.0
1742356200000,0.16847,0.1687,0.16847,0.16865,97761.0
1742356260000,0.16864,0.1687,0.16864,0.16869,245306.0
1742356320000,0.16869,0.1688,0.16864,0.16875,495872.0
1742356380000,0.16876,0.16879,0.16874,0.16879,19286.0
1742356440000,0.16879,0.16879,0.16871,0.16874,141138.0
1742356500000,0.16873,0.16876,0.16869,0.16874,90444.0
1742356560000,0.16874,0.16884,0.16874,0.16882,350028.0
1742356620000,0.16881,0.16889,0.1688,0.16887,179041.0
1742356680000,0.16887,0.1689,0.16884,0.16886,59247.0
1742356740000,0.16886,0.16886,0.16877,0.16879,93770.0
1742356800000,0.1688,0.16897,0.1688,0.16888,302045.0
1742356860000,0.16887,0.16888,0.16868,0.16868,103718.0
1742356920000,0.16868,0.16874,0.16855,0.16856,102550.0
1742356980000,0.16856,0.16857,0.16847,0.16848,408976.0
1742357040000,0.16849,0.1685,0.16845,0.16845,22877.0
1742357100000,0.16844,0.16844,0.16828,0.16842,799139.0
1742357160000,0.16842,0.16842,0.16834,0.16841,50258.0
1742357220000,0.16841,0.16844,0.16827,0.16828,173548.0
1742357280000,0.16828,0.16836,0.16822,0.16835,104851.0
1742357340000,0.16835,0.16838,0.16831,0.16831,53473.0
1742357400000,0.1683,0.16832,0.16822,0.16825,35846.0
1742357460000,0.16825,0.16828,0.16824,0.16828,28269.0
1742357520000,0.16829,0.16833,0.16828,0.16833,183383.0
1742357580000,0.16832,0.16833,0.16823,0.16829,477878.0
1742357640000,0.1683,0.1683,0.16824,0.16827,84208.0
1742357700000,0.16827,0.16831,0.1681,0.1681,268744.0
1742357760000,0.16811,0.16816,0.16808,0.16812,159441.0
1742357820000,0.16812,0.16831,0.16812,0.16828,68216.0
1742357880000,0.16828,0.16837,0.16823,0.16823,165144.0
1742357940000,0.16823,0.16829,0.16808,0.16813,66153.0
1742358000000,0.16814,0.16822,0.168,0.16822,479569.0
1742358060000,0.16822,0.1683,0.16821,0.1683,93832.0
1742358120000,0.16829,0.16836,0.16829,0.16835,31978.0
1742358180000,0.16835,0.16838,0.16832,0.16833,164677.0
1742358240000,0.16834,0.1684,0.16823,0.16827,129618.0
1742358300000,0.16828,0.16832,0.16823,0.16824,215526.0
1742358360000,0.16823,0.16826,0.16818,0.16819,152609.0
1742358420000,0.1682,0.1682,0.16785,0.16789,198028.0
1742358480000,0.16789,0.16799,0.16789,0.16797,77546.0
1742358540000,0.16796,0.16799,0.16785,0.16792,150396.0
1742358600000,0.16792,0.16803,0.16791,0.16795,63706.0
1742358660000,0.16795,0.16795,0.16786,0.16791,79656.0
1742358720000,0.1679,0.16803,0.1679,0.1679,120188.0
1742358780000,0.16791,0.16801,0.16786,0.16801,108601.0
1742358840000,0.16801,0.16803,0.16792,0.168,70874.0
1742358900000,0.168,0.16811,0.16798,0.16808,126647.0
1742358960000,0.16807,0.1682,0.16807,0.16814,87038.0
1742359020000,0.16813,0.16813,0.16802,0.16809,73135.0
1742359080000,0.16809,0.16825,0.16808,0.16824,117300.0
1742359140000,0.16823,0.16826,0.16815,0.16821,80538.0
1742359200000,0.16822,0.16828,0.16815,0.16818,158896.0
1742359260000,0.16818,0.16837,0.16818,0.16828,81209.0
1742359320000,0.16827,0.16831,0.16826,0.16831,20672.0
1742359380000,0.16832,0.16833,0.16829,0.16829,16541.0
1742359440000,0.16829,0.16829,0.16824,0.16824,163086.0
1742359500000,0.16823,0.16823,0.16814,0.16818,56195.0
1742359560000,0.16818,0.16831,0.16816,0.16831,264747.0
1742359620000,0.16831,0.16844,0.16827,0.16842,88517.0
1742359680000,0.16842,0.16842,0.16819,0.16822,100151.0
1742359740000,0.16822,0.1683,0.16816,0.16816,89369.0
1742359800000,0.16816,0.16825,0.1681,0.16824,334859.0
1742359860000,0.16825,0.16826,0.16808,0.16817,83608.0
1742359920000,0.16818,0.16818,0.16809,0.16817,37897.0
1742359980000,0.16816,0.16816,0.16807,0.1681,123225.0
1742360040000,0.16809,0.16819,0.16809,0.16816,25224.0
1742360100000,0.16816,0.16824,0.16815,0.16818,164634.0
1742360160000,0.16818,0.16828,0.16818,0.16821,23349.0
1742360220000,0.16821,0.16821,0.16806,0.16806,58231.0
1742360280000,0.16807,0.1681,0.16807,0.16809,19566.0
1742360340000,0.16808,0.16813,0.16807,0.1681,86532.0
1742360400000,0.16809,0.16823,0.16807,0.1681,195339.0
1742360460000,0.1681,0.16815,0.16802,0.16803,131269.0
1742360520000,0.16804,0.16813,0.16799,0.168,221682.0
1742360580000,0.16801,0.16811,0.16799,0.16801,1108351.0
1742360640000,0.16801,0.16807,0.168,0.16802,34026.0
1742360700000,0.16803,0.1681,0.16798,0.1681,229322.0
1742360760000,0.1681,0.1681,0.168,0.16802,98951.0
1742360820000,0.16803,0.16818,0.16799,0.16817,67406.0
1742360880000,0.16817,0.16817,0.16809,0.1681,32828.0
1742360940000,0.16811,0.16822,0.16811,0.16817,56631.0
1742361000000,0.16817,0.16828,0.16817,0.16819,89910.0
1742361060000,0.16818,0.16818,0.16811,0.16816,137107.0
1742361120000,0.16815,0.16821,0.16812,0.16816,23684.0
1742361180000,0.16817,0.16817,0.1681,0.1681,16649.0
1742361240000,0.16811,0.16811,0.16787,0.16788,114288.0
1742361300000,0.16789,0.16803,0.16789,0.16797,53442.0
1742361360000,0.16798,0.16805,0.16798,0.16802,135542.0
1742361420000,0.16801,0.16808,0.168,0.16805,211926.0
1742361480000,0.16805,0.16805,0.16799,0.168,105296.0
1742361540000,0.168,0.16809,0.168,0.16809,279504.0
1742361600000,0.16809,0.16812,0.16809,0.16811,65496.0
1742361660000,0.16812,0.16813,0.16804,0.16807,54175.0
1742361720000,0.16808,0.16829,0.16806,0.16823,479454.0
1742361780000,0.16824,0.16834,0.16824,0.1683,97781.0
1742361840000,0.16829,0.16836,0.16829,0.16834,34936.0
1742361900000,0.16834,0.16835,0.16828,0.16829,113324.0
1742361960000,0.16829,0.1683,0.16823,0.16829,124766.0
1742362020000,0.1683,0.16841,0.16829,0.16835,90531.0
1742362080000,0.16835,0.16835,0.16824,0.16831,98485.0
1742362140000,0.16832,0.16834,0.16824,0.16825,48732.0
1742362200000,0.16824,0.16826,0.1681,0.16812,46707.0
1742362260000,0.16812,0.1682,0.16803,0.1682,558259.0
1742362320000,0.16821,0.16841,0.16821,0.16837,110990.0
1742362380000,0.16837,0.16842,0.16833,0.16834,832353.0
1742362440000,0.16834,0.1684,0.16828,0.1684,89110.0
1742362500000,0.1684,0.16843,0.16835,0.16835,284770.0
1742362560000,0.16834,0.16835,0.16822,0.16822,61485.0
1742362620000,0.16821,0.16823,0.16804,0.16806,64186.0
1742362680000,0.16807,0.16817,0.16807,0.16816,87512.0
1742362740000,0.16816,0.16854,0.16816,0.16854,494920.0
1742362800000,0.16853,0.16857,0.16844,0.1685,246206.0
1742362860000,0.1685,0.16863,0.1685,0.16862,83761.0
1742362920000,0.16862,0.16867,0.16852,0.16853,220926.0
1742362980000,0.16854,0.16859,0.16851,0.16852,107105.0
1742363040000,0.16852,0.16853,0.16845,0.16845,87941.0
1742363100000,0.16845,0.16853,0.16839,0.1684,80961.0
1742363160000,0.1684,0.16853,0.1684,0.16848,73164.0
1742363220000,0.16848,0.16851,0.16829,0.16834,100800.0
1742363280000,0.16834,0.16844,0.1683,0.16839,46560.0
1742363340000,0.16839,0.16845,0.16837,0.1684,66022.0
1742363400000,0.16841,0.16872,0.16841,0.16872,156230.0
1742363460000,0.16872,0.16872,0.16865,0.16867,72210.0
1742363520000,0.16867,0.16868,0.16859,0.16859,93196.0
1742363580000,0.16859,0.16862,0.16857,0.16858,30886.0
1742363640000,0.16859,0.16866,0.16859,0.16864,85444.0
1742363700000,0.16864,0.16866,0.16853,0.16854,74618.0
1742363760000,0.16853,0.16856,0.1685,0.16851,71103.0
1742363820000,0.16852,0.16859,0.16851,0.16859,104259.0
1742363880000,0.16859,0.16864,0.16857,0.16863,192213.0
1742363940000,0.16863,0.16864,0.16851,0.16852,79797.0
1742364000000,0.16851,0.1686,0.16843,0.16845,228639.0
1742364060000,0.16844,0.16854,0.16844,0.16847,78590.0
1742364120000,0.16846,0.16856,0.16839,0.16848,149268.0
1742364180000,0.16849,0.16856,0.16843,0.16845,231037.0
1742364240000,0.16844,0.16848,0.16841,0.16847,106830.0
1742364300000,0.16847,0.16855,0.16844,0.16847,141063.0
1742364360000,0.16847,0.1685,0.16843,0.16848,190198.0
1742364420000,0.16849,0.16859,0.16848,0.16858,257691.0
1742364480000,0.16859,0.16869,0.16858,0.16865,240712.0
1742364540000,0.16864,0.16864,0.16855,0.16861,224633.0
1742364600000,0.16861,0.16871,0.16857,0.16871,560993.0
1742364660000,0.16871,0.16874,0.1687,0.16873,209502.0
1742364720000,0.16874,0.16887,0.16873,0.16886,203852.0
1742364780000,0.16886,0.1689,0.16874,0.16875,196805.0
1742364840000,0.16875,0.1688,0.16874,0.16877,255443.0
1742364900000,0.16878,0.16879,0.16867,0.1687,108243.0
1742364960000,0.1687,0.16875,0.16867,0.16871,328697.0
1742365020000,0.16871,0.1688,0.16869,0.1687,466744.0
1742365080000,0.16871,0.16875,0.16862,0.16863,157507.0
1742365140000,0.16863,0.1688,0.16862,0.16878,250162.0
1742365200000,0.16879,0.16879,0.1685,0.16852,192246.0
1742365260000,0.16853,0.16865,0.16853,0.16862,86171.0
1742365320000,0.16862,0.16866,0.16855,0.16857,61874.0
1742365380000,0.16857,0.16863,0.1685,0.16851,104896.0
1742365440000,0.16852,0.16852,0.16837,0.16843,216750.0
1742365500000,0.16842,0.16849,0.1684,0.16847,82695.0
1742365560000,0.16848,0.16849,0.16824,0.16826,291477.0
1742365620000,0.16827,0.16834,0.16827,0.16831,216857.0
1742365680000,0.16831,0.16832,0.16823,0.16827,179257.0
1742365740000,0.16827,0.16827,0.16817,0.16817,233087.0
1742365800000,0.16817,0.16821,0.16802,0.16802,680865.0
1742365860000,0.16802,0.16812,0.16802,0.16811,145390.0
1742365920000,0.16811,0.16812,0.16802,0.16805,69265.0
1742365980000,0.16805,0.16813,0.16798,0.16806,133241.0
1742366040000,0.16807,0.16818,0.16807,0.16814,98644.0
1742366100000,0.16815,0.16825,0.16814,0.16819,80053.0
1742366160000,0.16819,0.1683,0.16819,0.16828,173063.0
1742366220000,0.16829,0.16836,0.16825,0.16825,132273.0
1742366280000,0.16824,0.16824,0.16815,0.16816,93413.0
1742366340000,0.16815,0.16817,0.16805,0.1681,63201.0
1742366400000,0.1681,0.16813,0.16801,0.16804,295004.0
1742366460000,0.16804,0.16807,0.16777,0.16777,968271.0
1742366520000,0.16778,0.16781,0.16771,0.16779,350277.0
1742366580000,0.16779,0.16787,0.16779,0.16786,109599.0
1742366640000,0.16787,0.16792,0.16785,0.16785,387115.0
1742366700000,0.16784,0.16786,0.16778,0.1678,125065.0
1742366760000,0.1678,0.16788,0.16775,0.16776,460869.0
1742366820000,0.16776,0.16785,0.16776,0.16781,470270.0
1742366880000,0.16782,0.16792,0.16782,0.16787,273741.0
1742366940000,0.16787,0.16799,0.16787,0.16793,72826.0
1742367000000,0.16793,0.16795,0.1678,0.16795,209328.0
1742367060000,0.16795,0.16796,0.16789,0.16791,793868.0
1742367120000,0.16791,0.16799,0.16777,0.16798,157812.0
1742367180000,0.16798,0.16806,0.16797,0.16806,106482.0
1742367240000,0.16806,0.16822,0.16806,0.1682,117206.0
1742367300000,0.1682,0.16823,0.16815,0.16818,280197.0
1742367360000,0.16818,0.16822,0.16813,0.1682,71652.0
1742367420000,0.1682,0.1682,0.16803,0.16809,237624.0
1742367480000,0.1681,0.1681,0.16798,0.16803,61136.0
1742367540000,0.16802,0.16809,0.168,0.16809,134677.0
1742367600000,0.16809,0.16815,0.16808,0.16811,83562.0
1742367660000,0.16811,0.16814,0.16803,0.16804,61357.0
1742367720000,0.16805,0.16805,0.1679,0.16792,80069.0
1742367780000,0.16791,0.16793,0.16789,0.1679,91895.0
1742367840000,0.1679,0.168,0.1679,0.16798,37294.0
1742367900000,0.16797,0.16804,0.16797,0.16803,22474.0
1742367960000,0.16804,0.16804,0.16767,0.16786,389614.0
1742368020000,0.16787,0.16789,0.16776,0.1678,96788.0
1742368080000,0.16781,0.16789,0.16775,0.16788,204892.0
1742368140000,0.16788,0.16789,0.16776,0.16777,101982.0
1742368200000,0.16777,0.16777,0.16764,0.1677,324605.0
1742368260000,0.16771,0.16776,0.16768,0.16772,30182.0
1742368320000,0.16772,0.16777,0.16765,0.16777,442521.0
1742368380000,0.16778,0.16778,0.16766,0.16766,123660.0
1742368440000,0.16766,0.16766,0.16752,0.16761,659985.0
1742368500000,0.16761,0.16773,0.16758,0.16761,136580.0
1742368560000,0.16761,0.16772,0.1676,0.16772,36610.0
1742368620000,0.16772,0.16779,0.16767,0.16767,67041.0
1742368680000,0.16768,0.16774,0.16762,0.16773,59861.0
1742368740000,0.16773,0.16778,0.16771,0.16778,26996.0
1742368800000,0.16778,0.16791,0.16777,0.1679,205888.0
1742368860000,0.16789,0.16794,0.16789,0.1679,87986.0
1742368920000,0.1679,0.16799,0.1678,0.16799,93767.0
1742368980000,0.16799,0.16808,0.16799,0.16808,134779.0
1742369040000,0.16809,0.16818,0.16806,0.16809,399611.0
1742369100000,0.16809,0.16817,0.16806,0.16816,66088.0
1742369160000,0.16817,0.16817,0.16804,0.16805,253890.0
1742369220000,0.16804,0.16811,0.16802,0.16806,19252.0
1742369280000,0.16806,0.1681,0.16806,0.1681,82082.0
1742369340000,0.16811,0.16831,0.16811,0.16831,186368.0
1742369400000,0.16831,0.16843,0.16831,0.16838,103830.0
1742369460000,0.16838,0.16842,0.16832,0.16832,144555.0
1742369520000,0.16832,0.16839,0.16828,0.16829,132315.0
1742369580000,0.16829,0.16829,0.16822,0.16826,129936.0
1742369640000,0.16827,0.16828,0.16813,0.16814,181956.0
1742369700000,0.16815,0.16815,0.16803,0.16804,183002.0
1742369760000,0.16804,0.16807,0.16799,0.168,202611.0
1742369820000,0.168,0.168,0.16774,0.16774,371741.0
1742369880000,0.16775,0.1678,0.16772,0.16774,354986.0
1742369940000,0.16774,0.16778,0.16772,0.16776,432995.0
1742370000000,0.16777,0.16784,0.16767,0.16771,289992.0
1742370060000,0.16771,0.16772,0.16739,0.16742,847990.0
1742370120000,0.16743,0.16754,0.16742,0.16747,272859.0
1742370180000,0.16747,0.16752,0.16741,0.16748,447375.0
1742370240000,0.16748,0.16766,0.16741,0.16761,315645.0
1742370300000,0.16762,0.16763,0.1674,0.1674,232437.0
1742370360000,0.16741,0.16747,0.16739,0.16742,209787.0
1742370420000,0.16742,0.16743,0.16739,0.16739,107830.0
1742370480000,0.16739,0.16739,0.16722,0.16726,601403.0
1742370540000,0.16726,0.16734,0.16724,0.16728,150966.0
1742370600000,0.16728,0.16747,0.16728,0.16742,455899.0
1742370660000,0.16743,0.16752,0.16742,0.1675,418467.0
1742370720000,0.1675,0.16757,0.16747,0.16752,196770.0
1742370780000,0.16751,0.16752,0.16737,0.16737,226493.0
1742370840000,0.16736,0.16737,0.16727,0.16727,279518.0
1742370900000,0.16727,0.1673,0.16715,0.16723,454408.0
1742370960000,0.16723,0.16732,0.16722,0.16725,139422.0
1742371020000,0.16725,0.16725,0.1672,0.16722,72167.0
1742371080000,0.16722,0.16722,0.16716,0.16716,125230.0
1742371140000,0.16716,0.16723,0.16715,0.16723,519613.0
1742371200000,0.16723,0.16748,0.1672,0.16745,295429.0
1742371260000,0.16745,0.16746,0.16734,0.16738,323000.0
1742371320000,0.16739,0.16743,0.16738,0.16741,104026.0
1742371380000,0.16742,0.16757,0.16742,0.16757,195109.0
1742371440000,0.16757,0.16757,0.16742,0.16744,265161.0
1742371500000,0.16744,0.16762,0.16743,0.1676,83088.0
1742371560000,0.16761,0.16761,0.1675,0.16753,106148.0
1742371620000,0.16754,0.16776,0.16754,0.16776,142049.0
1742371680000,0.16775,0.16787,0.16775,0.16782,149092.0
1742371740000,0.16782,0.1679,0.16779,0.16789,81639.0
1742371800000,0.16788,0.16801,0.16778,0.16799,248533.0
1742371860000,0.16798,0.16798,0.16786,0.16787,148313.0
1742371920000,0.16788,0.16788,0.16782,0.16785,162015.0
1742371980000,0.16785,0.16787,0.16775,0.16776,267336.0
1742372040000,0.16777,0.16784,0.16777,0.16784,87562.0
1742372100000,0.16784,0.16791,0.16784,0.16786,211055.0
1742372160000,0.16787,0.16804,0.16787,0.16803,64244.0
1742372220000,0.16803,0.16803,0.16788,0.16788,128201.0
1742372280000,0.16788,0.16788,0.16776,0.16776,118133.0
1742372340000,0.16777,0.1678,0.16776,0.16778,78052.0
1742372400000,0.16778,0.16788,0.16776,0.16776,50472.0
1742372460000,0.16776,0.1678,0.16768,0.16778,52988.0
1742372520000,0.16777,0.16778,0.1677,0.16772,94525.0
1742372580000,0.16771,0.16787,0.16771,0.16786,80877.0
1742372640000,0.16786,0.1679,0.16782,0.16782,177805.0
1742372700000,0.16783,0.16797,0.16783,0.16797,29554.0
1742372760000,0.16796,0.16802,0.16792,0.16795,111493.0
1742372820000,0.16795,0.16798,0.16789,0.16793,87360.0
1742372880000,0.16794,0.16803,0.16794,0.16803,61156.0
1742372940000,0.16804,0.16816,0.16804,0.1681,239164.0
1742373000000,0.16811,0.16817,0.16807,0.16807,81657.0
1742373060000,0.16806,0.16817,0.16804,0.16811,534486.0
1742373120000,0.1681,0.16811,0.16794,0.16802,360921.0
1742373180000,0.16803,0.16811,0.16803,0.16807,227565.0
1742373240000,0.16808,0.16815,0.16808,0.16815,135234.0
1742373300000,0.16814,0.16818,0.16806,0.16808,439254.0
1742373360000,0.16807,0.16819,0.16802,0.1681,119300.0
1742373420000,0.1681,0.16816,0.168,0.1681,128693.0
1742373480000,0.16809,0.16809,0.16799,0.16802,134886.0
1742373540000,0.16803,0.16803,0.16777,0.16779,152124.0
1742373600000,0.1678,0.1678,0.16765,0.16769,315737.0
1742373660000,0.16769,0.16777,0.16752,0.16755,1039671.0
1742373720000,0.16754,0.16755,0.1675,0.16752,107233.0
1742373780000,0.16752,0.16759,0.16752,0.16757,56601.0
1742373840000,0.16758,0.16767,0.16758,0.16767,162318.0
1742373900000,0.16768,0.1677,0.16754,0.16767,167099.0
1742373960000,0.16767,0.16773,0.16763,0.16773,85680.0
1742374020000,0.16773,0.16779,0.16768,0.16777,235109.0
1742374080000,0.16777,0.16786,0.16774,0.16786,65815.0
1742374140000,0.16785,0.16798,0.16783,0.16796,138428.0
1742374200000,0.16796,0.16799,0.1679,0.16794,64790.0
1742374260000,0.16793,0.16793,0.16777,0.16784,101765.0
1742374320000,0.16784,0.16784,0.1677,0.16772,81405.0
1742374380000,0.16773,0.16773,0.16762,0.16772,216277.0
1742374440000,0.16772,0.16781,0.16772,0.1678,104308.0
1742374500000,0.1678,0.16781,0.16771,0.16771,41735.0
1742374560000,0.16771,0.16776,0.1677,0.16775,242973.0
1742374620000,0.16774,0.16776,0.16764,0.16774,274734.0
1742374680000,0.16774,0.16776,0.16768,0.16768,37570.0
1742374740000,0.16769,0.16776,0.16769,0.16775,146258.0
1742374800000,0.16775,0.16791,0.16775,0.16791,129473.0
1742374860000,0.16791,0.16793,0.16785,0.16786,201873.0
1742374920000,0.16786,0.16786,0.16752,0.16755,450218.0
1742374980000,0.16755,0.16769,0.16755,0.16757,120416.0
1742375040000,0.16757,0.16757,0.16742,0.16742,192264.0
1742375100000,0.16741,0.1675,0.16741,0.16742,103289.0
1742375160000,0.16742,0.16759,0.16742,0.16758,131302.0
1742375220000,0.16759,0.16782,0.16759,0.16781,80260.0
1742375280000,0.16781,0.16786,0.16781,0.16782,124477.0
1742375340000,0.16782,0.16785,0.16776,0.16783,104037.0
1742375400000,0.16784,0.16786,0.16782,0.16782,38959.0
1742375460000,0.16782,0.16786,0.16777,0.16779,89214.0
1742375520000,0.16779,0.16782,0.16771,0.16781,506096.0
1742375580000,0.16782,0.16784,0.16768,0.16768,77639.0
1742375640000,0.16768,0.16772,0.16763,0.16769,178416.0
1742375700000,0.16769,0.16774,0.16769,0.16769,126636.0
1742375760000,0.16768,0.16789,0.16768,0.16788,222936.0
1742375820000,0.16789,0.16799,0.16789,0.16791,62504.0
1742375880000,0.16792,0.16794,0.16791,0.16794,169435.0
1742375940000,0.16794,0.16799,0.1679,0.16791,125549.0
1742376000000,0.1679,0.16799,0.16784,0.16799,144455.0
1742376060000,0.16799,0.16809,0.16798,0.16809,205458.0
1742376120000,0.16809,0.16809,0.16804,0.16804,154548.0
1742376180000,0.16803,0.1681,0.16798,0.16804,84451.0
1742376240000,0.16803,0.16819,0.16803,0.16813,186400.0
1742376300000,0.16813,0.16819,0.16803,0.16819,284451.0
1742376360000,0.16818,0.16825,0.16814,0.16817,87456.0
1742376420000,0.16817,0.1683,0.16817,0.1683,337789.0
1742376480000,0.1683,0.16836,0.16819,0.16821,118041.0
1742376540000,0.1682,0.1683,0.1682,0.16828,40306.0
1742376600000,0.16827,0.16836,0.16825,0.16836,154658.0
1742376660000,0.16836,0.16836,0.16823,0.1683,133594.0
1742376720000,0.16831,0.1685,0.16828,0.1685,229382.0
1742376780000,0.16849,0.16849,0.16828,0.16828,144565.0
1742376840000,0.16828,0.16828,0.16817,0.16817,166117.0
1742376900000,0.16818,0.1683,0.16817,0.16826,68600.0
1742376960000,0.16826,0.16834,0.16822,0.16823,76564.0
1742377020000,0.16823,0.16834,0.1682,0.1682,58406.0
1742377080000,0.1682,0.16826,0.16813,0.16817,92122.0
1742377140000,0.16817,0.16821,0.16809,0.1681,119093.0
1742377200000,0.1681,0.16813,0.16801,0.16802,463045.0
1742377260000,0.16801,0.16802,0.16789,0.16789,166109.0
1742377320000,0.16789,0.16795,0.16788,0.16789,18239.0
1742377380000,0.16789,0.16791,0.16786,0.16788,24469.0
1742377440000,0.16788,0.16788,0.16775,0.16779,917527.0
1742377500000,0.16778,0.1678,0.16763,0.16768,567718.0
1742377560000,0.16768,0.16773,0.16762,0.16763,41024.0
1742377620000,0.16762,0.16766,0.16761,0.16763,109177.0
1742377680000,0.16763,0.16776,0.16763,0.16773,147891.0
1742377740000,0.16773,0.16785,0.16772,0.16785,32809.0
1742377800000,0.16786,0.16792,0.16783,0.16783,58730.0
1742377860000,0.16784,0.16789,0.1678,0.16784,159318.0
1742377920000,0.16785,0.16807,0.16785,0.16805,860390.0
1742377980000,0.16805,0.1681,0.16802,0.16803,1156833.0
1742378040000,0.16803,0.16806,0.16802,0.16803,67238.0
1742378100000,0.16803,0.16812,0.16802,0.16811,190873.0
1742378160000,0.1681,0.16811,0.16804,0.16808,13736.0
1742378220000,0.16809,0.16809,0.16799,0.16803,39836.0
1742378280000,0.16804,0.16807,0.16804,0.16806,85089.0
1742378340000,0.16806,0.16806,0.168,0.168,37801.0
1742378400000,0.168,0.16819,0.168,0.16814,1166795.0
1742378460000,0.16814,0.16824,0.16809,0.16824,695762.0
1742378520000,0.16824,0.16835,0.16822,0.16835,204293.0
1742378580000,0.16836,0.16845,0.16834,0.16845,658489.0
1742378640000,0.16845,0.16851,0.16836,0.16839,171386.0
1742378700000,0.16839,0.1684,0.16827,0.16827,114098.0
1742378760000,0.16827,0.16828,0.16824,0.16824,25879.0
1742378820000,0.16824,0.16835,0.16823,0.16835,75389.0
1742378880000,0.16834,0.16836,0.16833,0.16833,41616.0
1742378940000,0.16833,0.16833,0.16807,0.16808,82284.0
1742379000000,0.16809,0.1682,0.16809,0.1682,70747.0
1742379060000,0.1682,0.16821,0.16809,0.16809,147652.0
1742379120000,0.1681,0.1681,0.16804,0.16807,126886.0
1742379180000,0.16807,0.16814,0.16805,0.16806,93598.0
1742379240000,0.16806,0.16808,0.16797,0.16808,111641.0
1742379300000,0.16809,0.16819,0.16809,0.16816,87833.0
1742379360000,0.16815,0.16838,0.16815,0.16834,89864.0
1742379420000,0.16835,0.16845,0.16831,0.16835,179458.0
1742379480000,0.16834,0.16834,0.16826,0.16826,125948.0
1742379540000,0.16827,0.16827,0.16818,0.16823,59279.0
1742379600000,0.16824,0.16824,0.16813,0.16815,122119.0
1742379660000,0.16815,0.16825,0.16814,0.16824,111294.0
1742379720000,0.16824,0.16824,0.16817,0.16818,82321.0
1742379780000,0.16818,0.16821,0.16811,0.16811,100358.0
1742379840000,0.16812,0.16815,0.16809,0.16815,145856.0
1742379900000,0.16815,0.16833,0.16814,0.1683,92290.0
1742379960000,0.16829,0.1683,0.1682,0.1682,274303.0
1742380020000,0.1682,0.1683,0.1682,0.1683,133977.0
1742380080000,0.16829,0.16836,0.16821,0.16821,163913.0
1742380140000,0.1682,0.16827,0.16817,0.16827,40301.0
1742380200000,0.16827,0.16832,0.16826,0.16832,99496.0
1742380260000,0.16832,0.16989,0.16832,0.16913,15112071.0
1742380320000,0.16914,0.16937,0.169,0.16921,5178294.0
1742380380000,0.16921,0.16941,0.16909,0.16936,1014435.0
1742380440000,0.16936,0.16959,0.16931,0.16955,1160754.0
1742380500000,0.16955,0.1696,0.16906,0.16908,2357575.0
1742380560000,0.16908,0.16924,0.1689,0.16904,473431.0
1742380620000,0.16905,0.16909,0.16887,0.16892,733462.0
1742380680000,0.16892,0.169,0.16886,0.16891,713977.0
1742380740000,0.1689,0.16893,0.16878,0.16881,226921.0
1742380800000,0.16881,0.16886,0.16864,0.16866,391573.0
1742380860000,0.16867,0.16868,0.16841,0.16849,903674.0
1742380920000,0.16848,0.1685,0.16839,0.16849,299670.0
1742380980000,0.16849,0.16849,0.16833,0.16845,359525.0
1742381040000,0.16846,0.16865,0.16846,0.16864,431807.0
1742381100000,0.16864,0.16868,0.16853,0.16868,532626.0
1742381160000,0.16867,0.16897,0.16864,0.16894,447905.0
1742381220000,0.16895,0.16903,0.16884,0.16901,307386.0
1742381280000,0.16901,0.16903,0.16886,0.16901,495026.0
1742381340000,0.16902,0.16913,0.16885,0.16891,482752.0
1742381400000,0.16891,0.16904,0.16891,0.16899,272078.0
1742381460000,0.16898,0.16898,0.16885,0.16891,114934.0
1742381520000,0.16891,0.169,0.16888,0.16889,287211.0
1742381580000,0.16889,0.16891,0.16876,0.16891,522976.0
1742381640000,0.16892,0.16909,0.1689,0.16897,1531584.0
1742381700000,0.16896,0.16897,0.16876,0.16876,72685.0
1742381760000,0.16877,0.1688,0.16861,0.16865,83529.0
1742381820000,0.16866,0.16866,0.16842,0.16852,3638194.0
1742381880000,0.16852,0.16852,0.16842,0.16843,221356.0
1742381940000,0.16843,0.16844,0.16833,0.16835,350785.0
1742382000000,0.16834,0.16851,0.16812,0.16817,688643.0
1742382060000,0.16818,0.16838,0.16818,0.16832,304362.0
1742382120000,0.16833,0.16839,0.16821,0.16839,505089.0
1742382180000,0.16839,0.16839,0.16816,0.16816,180976.0
1742382240000,0.16817,0.16822,0.16811,0.16816,102265.0
1742382300000,0.16817,0.16818,0.16802,0.16813,332949.0
1742382360000,0.16813,0.16817,0.16808,0.16816,381562.0
1742382420000,0.16817,0.16826,0.16807,0.16811,646182.0
1742382480000,0.1681,0.16827,0.16809,0.16827,579957.0
1742382540000,0.16828,0.16839,0.16824,0.16833,141361.0
1742382600000,0.16834,0.16869,0.16834,0.16865,1182371.0
1742382660000,0.16865,0.16882,0.16859,0.16862,754898.0
1742382720000,0.16862,0.16872,0.16858,0.16866,486414.0
1742382780000,0.16866,0.16895,0.16866,0.16895,271124.0
1742382840000,0.16894,0.16959,0.16893,0.16931,3431102.0
1742382900000,0.16932,0.16959,0.16919,0.16923,1719060.0
1742382960000,0.16922,0.16923,0.16903,0.16917,701950.0
1742383020000,0.16917,0.16937,0.16917,0.16936,586336.0
1742383080000,0.16936,0.16995,0.16927,0.16977,6103062.0
1742383140000,0.16978,0.16981,0.16969,0.16977,530252.0
1742383200000,0.16978,0.1698,0.16957,0.16973,1282549.0
1742383260000,0.16973,0.16985,0.16965,0.16985,847353.0
1742383320000,0.16985,0.16996,0.16974,0.16996,808560.0
1742383380000,0.16997,0.1703,0.16997,0.17023,2225051.0
1742383440000,0.17024,0.17036,0.17013,0.17036,1235123.0
1742383500000,0.17036,0.17067,0.17017,0.17047,1600667.0
1742383560000,0.17047,0.17073,0.17042,0.1705,2537132.0
1742383620000,0.17051,0.17061,0.17027,0.17038,990657.0
1742383680000,0.17039,0.17047,0.17008,0.17019,3165429.0
1742383740000,0.17018,0.17021,0.16999,0.17006,1068859.0
1742383800000,0.17006,0.17073,0.16998,0.1706,3291634.0
1742383860000,0.17059,0.1706,0.1703,0.1703,820209.0
1742383920000,0.1703,0.1706,0.17019,0.17051,1108474.0
1742383980000,0.17051,0.17081,0.17051,0.17064,1087030.0
1742384040000,0.17064,0.17075,0.17055,0.17056,208212.0
1742384100000,0.17055,0.1706,0.17046,0.17049,621026.0
1742384160000,0.17049,0.17107,0.17049,0.17094,1486958.0
1742384220000,0.17095,0.17118,0.17092,0.17108,639937.0
1742384280000,0.17107,0.17107,0.1709,0.17096,1031511.0
1742384340000,0.17096,0.17109,0.17093,0.171,445675.0
1742384400000,0.171,0.17131,0.17094,0.17121,748884.0
1742384460000,0.17121,0.17152,0.17113,0.17152,1763341.0
1742384520000,0.17151,0.17174,0.17144,0.17165,1787526.0
1742384580000,0.17165,0.17173,0.17151,0.17163,783508.0
1742384640000,0.17163,0.17163,0.17135,0.17135,1093602.0
1742384700000,0.17135,0.17163,0.1713,0.1713,1460729.0
1742384760000,0.17129,0.1713,0.1709,0.1709,1637475.0
1742384820000,0.17089,0.17107,0.17079,0.17107,998256.0
1742384880000,0.17107,0.17111,0.17089,0.17089,334462.0
1742384940000,0.17088,0.17088,0.17068,0.17076,360982.0
1742385000000,0.17076,0.17076,0.17057,0.17068,597850.0
1742385060000,0.17068,0.17091,0.17065,0.17079,374553.0
1742385120000,0.17078,0.17083,0.1706,0.17066,1010931.0
1742385180000,0.17066,0.17072,0.17062,0.17062,304749.0
1742385240000,0.17061,0.17077,0.17061,0.17075,312880.0
1742385300000,0.17074,0.17099,0.17074,0.17098,423006.0
1742385360000,0.17098,0.17098,0.17077,0.17083,752855.0
1742385420000,0.17084,0.17107,0.17078,0.17101,299429.0
1742385480000,0.171,0.17121,0.17099,0.17108,742317.0
1742385540000,0.17109,0.1711,0.17098,0.171,162155.0
1742385600000,0.17101,0.17124,0.171,0.17116,1302125.0
1742385660000,0.17115,0.17115,0.17071,0.17078,888346.0
1742385720000,0.17078,0.17078,0.17053,0.17062,781288.0
1742385780000,0.17062,0.17073,0.17046,0.17047,481314.0
1742385840000,0.17047,0.17051,0.17037,0.17043,464122.0
1742385900000,0.17043,0.17069,0.17043,0.17066,283437.0
1742385960000,0.17067,0.17073,0.17047,0.17048,351890.0
1742386020000,0.17049,0.17049,0.17031,0.17034,1205179.0
1742386080000,0.17034,0.17036,0.17021,0.17022,338506.0
1742386140000,0.17023,0.17034,0.1702,0.1703,419498.0
1742386200000,0.1703,0.17048,0.17028,0.17031,186634.0
1742386260000,0.17032,0.17037,0.17024,0.17037,613176.0
1742386320000,0.17038,0.17054,0.17038,0.17049,827146.0
1742386380000,0.1705,0.17055,0.1704,0.17043,646149.0
1742386440000,0.17043,0.17048,0.17036,0.1704,659279.0
1742386500000,0.1704,0.17059,0.17039,0.17059,280748.0
1742386560000,0.17059,0.17085,0.17059,0.17085,383463.0
1742386620000,0.17084,0.17085,0.17051,0.17052,238394.0
1742386680000,0.17052,0.17058,0.17045,0.17049,103624.0
1742386740000,0.17049,0.17049,0.17003,0.17006,676930.0
1742386800000,0.17006,0.17006,0.16988,0.16996,1426313.0
1742386860000,0.16996,0.17,0.16979,0.16981,758730.0
1742386920000,0.16982,0.16994,0.16977,0.16979,1541221.0
1742386980000,0.16979,0.16987,0.1697,0.16971,406431.0
1742387040000,0.16971,0.16984,0.16961,0.16981,629264.0
1742387100000,0.16981,0.17005,0.16975,0.17003,1188913.0
1742387160000,0.17003,0.17016,0.16996,0.17004,574727.0
1742387220000,0.17004,0.17006,0.16998,0.17004,305979.0
1742387280000,0.17003,0.17011,0.17003,0.17009,101028.0
1742387340000,0.17009,0.1701,0.16994,0.17004,176362.0
1742387400000,0.17004,0.17023,0.17004,0.17022,150676.0
1742387460000,0.17023,0.17032,0.17012,0.17028,340918.0
1742387520000,0.17028,0.1703,0.17011,0.17019,278558.0
1742387580000,0.1702,0.17038,0.1702,0.17035,111824.0
1742387640000,0.17036,0.17038,0.16998,0.16998,401496.0
1742387700000,0.16997,0.17009,0.16994,0.17003,168772.0
1742387760000,0.17002,0.17002,0.16957,0.16965,705448.0
1742387820000,0.16966,0.16972,0.1696,0.16969,487255.0
1742387880000,0.1697,0.16973,0.16952,0.16962,587619.0
1742387940000,0.16962,0.16967,0.16931,0.16936,656851.0
1742388000000,0.16935,0.16948,0.16919,0.16929,420144.0
1742388060000,0.16929,0.16939,0.16924,0.16937,568130.0
1742388120000,0.16937,0.16938,0.16923,0.1693,449570.0
1742388180000,0.16931,0.16963,0.1693,0.16958,545786.0
1742388240000,0.16957,0.16957,0.16944,0.1695,182179.0
1742388300000,0.16951,0.16963,0.16947,0.1696,174526.0
1742388360000,0.1696,0.1697,0.1695,0.16958,222256.0
1742388420000,0.16959,0.16965,0.16935,0.16935,252685.0
1742388480000,0.16935,0.16937,0.16887,0.16894,9181702.0
1742388540000,0.16895,0.16915,0.16886,0.16903,1452039.0
1742388600000,0.16902,0.16919,0.16899,0.16915,375071.0
1742388660000,0.16915,0.16924,0.16908,0.16918,331006.0
1742388720000,0.16918,0.1693,0.16914,0.1693,90022.0
1742388780000,0.1693,0.1694,0.16929,0.16935,324403.0
1742388840000,0.16936,0.16944,0.16931,0.16936,335100.0
1742388900000,0.16936,0.16938,0.16926,0.16937,133856.0
1742388960000,0.16937,0.16944,0.16931,0.16944,168637.0
1742389020000,0.16944,0.16962,0.16943,0.1696,284032.0
1742389080000,0.16959,0.16987,0.16959,0.16985,300058.0
1742389140000,0.16985,0.16985,0.16975,0.16978,347051.0
1742389200000,0.16977,0.1698,0.1696,0.1696,447804.0
1742389260000,0.1696,0.16972,0.16941,0.16963,286002.0
1742389320000,0.16963,0.16972,0.1694,0.1694,300634.0
1742389380000,0.16939,0.16945,0.16925,0.16934,211736.0
1742389440000,0.16934,0.16937,0.16927,0.1693,41650.0
1742389500000,0.16929,0.1702,0.16916,0.16973,7635129.0
1742389560000,0.16973,0.17075,0.16973,0.17063,5487245.0
1742389620000,0.17063,0.17118,0.17049,0.17049,4299209.0
1742389680000,0.17048,0.17084,0.17037,0.17043,2420137.0
1742389740000,0.17043,0.17064,0.17022,0.17064,1061946.0
1742389800000,0.17065,0.1718,0.17062,0.17146,9537442.0
1742389860000,0.17147,0.17153,0.17121,0.17133,2154595.0
1742389920000,0.17134,0.17149,0.17105,0.17118,1918385.0
1742389980000,0.17119,0.17149,0.17093,0.17112,1475848.0
1742390040000,0.17112,0.17118,0.17088,0.17118,807612.0
1742390100000,0.17117,0.17204,0.17117,0.17201,3776177.0
1742390160000,0.17201,0.17289,0.17195,0.17281,4014028.0
1742390220000,0.1728,0.1734,0.17243,0.17332,3596039.0
1742390280000,0.17332,0.17352,0.17251,0.17309,6477070.0
1742390340000,0.17308,0.17366,0.17297,0.17366,2659124.0
1742390400000,0.17366,0.17386,0.17255,0.17289,5098973.0
1742390460000,0.17289,0.17319,0.17184,0.17198,2229724.0
1742390520000,0.17199,0.17199,0.17113,0.17145,4118726.0
1742390580000,0.17145,0.17195,0.17131,0.17171,1880444.0
1742390640000,0.17171,0.17196,0.17121,0.17152,1438826.0
1742390700000,0.17151,0.17151,0.1708,0.17089,1401261.0
1742390760000,0.17089,0.17139,0.1707,0.17115,901734.0
1742390820000,0.17114,0.17119,0.17091,0.17104,1468755.0
1742390880000,0.17105,0.1715,0.1709,0.17147,791283.0
1742390940000,0.17147,0.17163,0.17128,0.17135,1103015.0
1742391000000,0.17135,0.17136,0.17049,0.17102,1699499.0
1742391060000,0.17103,0.17157,0.17098,0.17108,1158043.0
1742391120000,0.17107,0.17169,0.17093,0.17127,1266303.0
1742391180000,0.17127,0.17159,0.17101,0.17105,2883149.0
1742391240000,0.17104,0.17119,0.17058,0.17058,683243.0
1742391300000,0.17058,0.17111,0.17052,0.1706,690077.0
1742391360000,0.17061,0.17107,0.1704,0.17046,1141629.0
1742391420000,0.17046,0.17071,0.17034,0.17071,968470.0
1742391480000,0.17072,0.17096,0.17064,0.17083,797561.0
1742391540000,0.17083,0.17105,0.17075,0.17085,804524.0
1742391600000,0.17085,0.1713,0.17085,0.17116,708142.0
1742391660000,0.17116,0.17155,0.17108,0.17118,1352564.0
1742391720000,0.17118,0.17136,0.17093,0.17102,754376.0
1742391780000,0.17103,0.17122,0.17081,0.17091,465309.0
1742391840000,0.17091,0.17104,0.17077,0.17101,764340.0
1742391900000,0.17101,0.17198,0.17096,0.17173,1052052.0
1742391960000,0.17172,0.17231,0.17158,0.17186,7031305.0
1742392020000,0.17186,0.17215,0.17181,0.17204,809092.0
1742392080000,0.17204,0.17243,0.17204,0.17213,729446.0
1742392140000,0.17212,0.17262,0.1721,0.17249,1968261.0
1742392200000,0.17249,0.1726,0.17224,0.17247,715472.0
1742392260000,0.17246,0.17249,0.17198,0.17199,1430189.0
1742392320000,0.17199,0.17209,0.17165,0.17204,772243.0
1742392380000,0.17204,0.17238,0.17204,0.17226,300340.0
1742392440000,0.17227,0.17254,0.17227,0.17237,1334146.0
1742392500000,0.17236,0.17253,0.17211,0.17211,852426.0
1742392560000,0.17211,0.17244,0.17211,0.17243,426511.0
1742392620000,0.17242,0.1725,0.17215,0.17217,1179486.0
1742392680000,0.17217,0.17222,0.17187,0.17192,948069.0
1742392740000,0.17192,0.17198,0.17177,0.17186,3559965.0
1742392800000,0.17187,0.17234,0.17187,0.17228,1005312.0
1742392860000,0.17228,0.17281,0.17228,0.17271,664324.0
1742392920000,0.1727,0.17285,0.17227,0.17268,620547.0
1742392980000,0.17267,0.17293,0.17254,0.17272,1546470.0
1742393040000,0.17271,0.17291,0.17262,0.17277,627394.0
1742393100000,0.17277,0.17299,0.17258,0.17297,777726.0
1742393160000,0.17297,0.1731,0.17248,0.17251,1834002.0
1742393220000,0.1725,0.17325,0.17245,0.17289,1031272.0
1742393280000,0.17289,0.17301,0.17256,0.17297,1182733.0
1742393340000,0.17297,0.1738,0.17288,0.17321,4584176.0
1742393400000,0.17322,0.17346,0.17305,0.17306,1622011.0
1742393460000,0.17307,0.1731,0.17271,0.17304,673666.0
1742393520000,0.17305,0.17311,0.17279,0.17291,984331.0
1742393580000,0.1729,0.17314,0.17262,0.17264,510801.0
1742393640000,0.17264,0.17283,0.17259,0.17277,1435032.0
1742393700000,0.17277,0.17307,0.1726,0.17277,1228301.0
1742393760000,0.17277,0.17308,0.17277,0.17293,725697.0
1742393820000,0.17294,0.1731,0.17271,0.17281,992984.0
1742393880000,0.17281,0.173,0.17276,0.17283,359432.0
1742393940000,0.17282,0.17307,0.17272,0.17282,1983351.0
1742394000000,0.17282,0.17313,0.17277,0.17309,666169.0
1742394060000,0.17309,0.1731,0.17274,0.17302,329550.0
1742394120000,0.17302,0.17313,0.17271,0.17286,500458.0
1742394180000,0.17285,0.17299,0.17267,0.17273,568177.0
1742394240000,0.17274,0.17274,0.17253,0.17258,1104016.0
1742394300000,0.17258,0.17258,0.17232,0.17244,757697.0
1742394360000,0.17244,0.17253,0.17231,0.17232,507989.0
1742394420000,0.17232,0.17237,0.17214,0.17221,579051.0
1742394480000,0.17221,0.17228,0.17209,0.17226,2523186.0
1742394540000,0.17226,0.17229,0.17183,0.17187,785185.0
1742394600000,0.17186,0.17196,0.1713,0.17139,3023394.0
1742394660000,0.17139,0.1719,0.17132,0.17156,830028.0
1742394720000,0.17156,0.17195,0.1715,0.17188,1007767.0
1742394780000,0.17189,0.17218,0.17189,0.17206,675238.0
1742394840000,0.17205,0.17243,0.17177,0.17236,1254315.0
1742394900000,0.17235,0.17258,0.17213,0.17213,3378540.0
1742394960000,0.17213,0.17227,0.17201,0.17219,996784.0
1742395020000,0.17218,0.17247,0.17218,0.17247,579583.0
1742395080000,0.17247,0.17274,0.1724,0.17243,816817.0
1742395140000,0.17243,0.17257,0.17243,0.17248,819359.0
1742395200000,0.17248,0.1727,0.17248,0.17253,267055.0
1742395260000,0.17253,0.17258,0.1721,0.17219,1014974.0
1742395320000,0.1722,0.17253,0.1722,0.17252,1088676.0
1742395380000,0.17252,0.17265,0.17233,0.1725,1594148.0
1742395440000,0.1725,0.1725,0.17223,0.17235,547855.0
1742395500000,0.17235,0.17237,0.17203,0.17211,187745.0
1742395560000,0.17212,0.17214,0.17192,0.17206,617677.0
1742395620000,0.17206,0.17232,0.17203,0.17229,222722.0
1742395680000,0.17228,0.1725,0.17223,0.17236,125081.0
1742395740000,0.17236,0.17248,0.17224,0.17242,421705.0
1742395800000,0.17243,0.17256,0.17236,0.17255,545411.0
1742395860000,0.17256,0.17281,0.17252,0.17269,434451.0
1742395920000,0.17269,0.17272,0.17241,0.1726,315088.0
1742395980000,0.1726,0.17273,0.17254,0.17263,352221.0
1742396040000,0.17264,0.17278,0.17259,0.17266,1156744.0
1742396100000,0.17265,0.17281,0.1726,0.17281,195053.0
1742396160000,0.1728,0.17287,0.17272,0.17272,590961.0
1742396220000,0.17273,0.17286,0.1727,0.17281,181916.0
1742396280000,0.17281,0.1729,0.17277,0.17289,257981.0
1742396340000,0.17289,0.17295,0.1728,0.17281,393126.0
1742396400000,0.1728,0.17296,0.17265,0.17283,1161053.0
1742396460000,0.17283,0.17288,0.17272,0.17277,266621.0
1742396520000,0.17277,0.17294,0.17272,0.17272,576826.0
1742396580000,0.17273,0.17282,0.17251,0.17255,786208.0
1742396640000,0.17254,0.17268,0.17253,0.17259,173342.0
1742396700000,0.17259,0.17287,0.17256,0.17285,405678.0
1742396760000,0.17286,0.17321,0.17281,0.17317,639022.0
1742396820000,0.17317,0.17331,0.1731,0.1731,549975.0
1742396880000,0.1731,0.17327,0.17304,0.17316,554380.0
1742396940000,0.17316,0.17335,0.17302,0.17303,723296.0
1742397000000,0.17304,0.17315,0.17293,0.17301,311136.0
1742397060000,0.173,0.17314,0.17271,0.17275,944886.0
1742397120000,0.17274,0.17276,0.17242,0.17246,1524798.0
1742397180000,0.17247,0.17252,0.17234,0.17244,210311.0
1742397240000,0.17243,0.17248,0.17225,0.17232,535527.0
1742397300000,0.17233,0.17252,0.17233,0.17249,413483.0
1742397360000,0.1725,0.17274,0.17244,0.17253,339834.0
1742397420000,0.17253,0.17253,0.17205,0.17206,653766.0
1742397480000,0.17206,0.17219,0.17197,0.172,1779777.0
1742397540000,0.172,0.17207,0.17188,0.17205,782271.0
1742397600000,0.17206,0.17232,0.17206,0.17232,477511.0
1742397660000,0.17232,0.17242,0.17222,0.17242,221225.0
1742397720000,0.17242,0.1726,0.17242,0.17259,197474.0
1742397780000,0.1726,0.1726,0.17247,0.17247,304354.0
1742397840000,0.17247,0.1725,0.17235,0.17236,131060.0
1742397900000,0.17237,0.17251,0.17218,0.1725,179765.0
1742397960000,0.1725,0.17265,0.1725,0.17262,1157799.0
1742398020000,0.17261,0.17271,0.1726,0.17266,242277.0
1742398080000,0.17266,0.17267,0.17235,0.17245,174052.0
1742398140000,0.17245,0.17253,0.17242,0.1725,107666.0
1742398200000,0.17249,0.17257,0.17235,0.17244,114401.0
1742398260000,0.17244,0.17255,0.17234,0.17254,816599.0
1742398320000,0.17254,0.17262,0.17243,0.17255,524421.0
1742398380000,0.17256,0.17262,0.1725,0.17256,177853.0
1742398440000,0.17256,0.17258,0.17231,0.17235,364747.0
1742398500000,0.17235,0.17236,0.17222,0.17227,182437.0
1742398560000,0.17227,0.17259,0.17226,0.17252,186931.0
1742398620000,0.17253,0.17283,0.17252,0.17255,1727590.0
1742398680000,0.17255,0.1729,0.17254,0.17288,441690.0
1742398740000,0.17288,0.17291,0.17265,0.17265,173527.0
1742398800000,0.17266,0.17287,0.17266,0.17287,211908.0
1742398860000,0.17287,0.17303,0.1728,0.173,498669.0
1742398920000,0.17299,0.17344,0.17297,0.17336,753467.0
1742398980000,0.17335,0.17342,0.17326,0.17332,781929.0
1742399040000,0.17331,0.17342,0.17313,0.17318,1328038.0
1742399100000,0.17317,0.17342,0.17314,0.17317,506191.0
1742399160000,0.17318,0.17319,0.17288,0.17288,803808.0
1742399220000,0.17289,0.173,0.17289,0.17295,662998.0
1742399280000,0.17296,0.17304,0.17288,0.17298,142208.0
1742399340000,0.17297,0.17328,0.17297,0.17324,282376.0
1742399400000,0.17324,0.17353,0.17324,0.17334,792864.0
1742399460000,0.17335,0.17351,0.1733,0.17337,1691870.0
1742399520000,0.17336,0.17348,0.1732,0.17347,440319.0
1742399580000,0.17348,0.17369,0.17348,0.17364,411659.0
1742399640000,0.17364,0.17394,0.17364,0.17377,960691.0
1742399700000,0.17376,0.17389,0.17369,0.1738,554884.0
1742399760000,0.1738,0.17404,0.1738,0.17394,2629814.0
1742399820000,0.17393,0.17394,0.17351,0.17362,696313.0
1742399880000,0.17363,0.17363,0.17336,0.17343,272451.0
1742399940000,0.17343,0.17347,0.17338,0.17344,346930.0
1742400000000,0.17344,0.17356,0.17305,0.17305,1742519.0
1742400060000,0.17305,0.17326,0.17302,0.17305,538259.0
1742400120000,0.17306,0.1731,0.17287,0.17298,449593.0
1742400180000,0.17299,0.17303,0.17289,0.17293,1556925.0
1742400240000,0.17293,0.17299,0.17289,0.1729,168192.0
1742400300000,0.1729,0.17298,0.17276,0.17278,366172.0
1742400360000,0.17278,0.17286,0.17258,0.17258,205656.0
1742400420000,0.17259,0.17262,0.17246,0.1726,459806.0
1742400480000,0.1726,0.17279,0.1726,0.17278,417136.0
1742400540000,0.17278,0.17293,0.17278,0.17289,282284.0
1742400600000,0.17289,0.17297,0.17273,0.1728,251013.0
1742400660000,0.17279,0.1729,0.17272,0.17272,272220.0
1742400720000,0.17271,0.17276,0.17222,0.17226,721996.0
1742400780000,0.17226,0.17241,0.17208,0.17241,376758.0
1742400840000,0.1724,0.17249,0.1723,0.1723,182666.0
1742400900000,0.1723,0.17235,0.17209,0.17229,316701.0
1742400960000,0.17228,0.17229,0.17203,0.17207,1124391.0
1742401020000,0.17207,0.17216,0.172,0.17216,267018.0
1742401080000,0.17216,0.17221,0.17191,0.17215,313752.0
1742401140000,0.17216,0.1724,0.17216,0.1724,536814.0
1742401200000,0.17239,0.17256,0.17225,0.17251,383847.0
1742401260000,0.17251,0.17252,0.17239,0.17249,213969.0
1742401320000,0.1725,0.17273,0.17249,0.17273,302150.0
1742401380000,0.17273,0.17294,0.17273,0.17285,206946.0
1742401440000,0.17285,0.17285,0.1724,0.17265,482311.0
1742401500000,0.17265,0.17265,0.1723,0.17261,931501.0
1742401560000,0.17261,0.17263,0.17243,0.17249,169535.0
1742401620000,0.17248,0.17259,0.17246,0.17252,604939.0
1742401680000,0.17251,0.17255,0.17236,0.17242,97190.0
1742401740000,0.17242,0.17264,0.17241,0.17262,160136.0
1742401800000,0.17262,0.17274,0.17246,0.17246,461829.0
1742401860000,0.17246,0.17246,0.17228,0.1723,529976.0
1742401920000,0.1723,0.17239,0.17222,0.17229,182265.0
1742401980000,0.17229,0.17237,0.1721,0.17212,554310.0
1742402040000,0.17211,0.17213,0.17196,0.17206,297106.0
1742402100000,0.17206,0.17211,0.17185,0.17188,650704.0
1742402160000,0.17188,0.17193,0.17164,0.17185,797543.0
1742402220000,0.17185,0.17185,0.1715,0.1715,607480.0
1742402280000,0.17152,0.1718,0.17152,0.17179,1600560.0
1742402340000,0.17179,0.17191,0.17177,0.17182,229853.0
1742402400000,0.17181,0.17183,0.17172,0.17179,233992.0
1742402460000,0.17179,0.17188,0.17158,0.1717,470686.0
1742402520000,0.17169,0.17174,0.17168,0.17169,153941.0
1742402580000,0.17168,0.17168,0.17138,0.17138,418641.0
1742402640000,0.17137,0.17142,0.1713,0.17141,486747.0
1742402700000,0.17142,0.17156,0.17128,0.17129,556114.0
1742402760000,0.17129,0.17175,0.17129,0.17172,194178.0
1742402820000,0.17172,0.1719,0.17169,0.17187,189260.0
1742402880000,0.17187,0.17187,0.17177,0.17183,1127591.0
1742402940000,0.17182,0.17182,0.17142,0.17145,944291.0
1742403000000,0.17145,0.17146,0.17135,0.17142,262239.0
1742403060000,0.17141,0.17141,0.17112,0.17116,1191504.0
1742403120000,0.17117,0.17134,0.17113,0.17124,532836.0
1742403180000,0.17124,0.17136,0.17124,0.17133,292981.0
1742403240000,0.17133,0.17159,0.17133,0.17154,394219.0
1742403300000,0.17154,0.17161,0.17142,0.17153,593877.0
1742403360000,0.17152,0.17152,0.17143,0.17148,41700.0
1742403420000,0.17147,0.17157,0.17139,0.17155,191190.0
1742403480000,0.17154,0.17156,0.17144,0.17151,81460.0
1742403540000,0.17151,0.17152,0.17138,0.17141,306927.0
1742403600000,0.17141,0.17148,0.17136,0.17144,68961.0
1742403660000,0.17143,0.17143,0.17117,0.17122,267007.0
1742403720000,0.17122,0.17124,0.17102,0.17103,1241503.0
1742403780000,0.17104,0.17117,0.17093,0.17108,1454251.0
1742403840000,0.17109,0.17111,0.17086,0.17104,560855.0
1742403900000,0.17105,0.17131,0.17105,0.17123,318741.0
1742403960000,0.17124,0.17126,0.17105,0.17126,314391.0
1742404020000,0.17127,0.17128,0.17118,0.17118,115189.0
1742404080000,0.17118,0.17122,0.17109,0.17113,273878.0
1742404140000,0.17113,0.17124,0.17106,0.17122,216920.0
1742404200000,0.17122,0.17123,0.17109,0.17116,1139748.0
1742404260000,0.17116,0.17127,0.17114,0.17114,454048.0
1742404320000,0.17114,0.17122,0.17096,0.17099,350271.0
1742404380000,0.17098,0.17103,0.1709,0.17099,239571.0
1742404440000,0.17099,0.17099,0.17081,0.1709,527364.0
1742404500000,0.17091,0.17103,0.17088,0.17092,378608.0
1742404560000,0.17093,0.17111,0.17093,0.17111,135006.0
1742404620000,0.1711,0.17126,0.17107,0.17118,82932.0
1742404680000,0.17118,0.17127,0.17113,0.17127,36208.0
1742404740000,0.17127,0.17134,0.17126,0.17129,73426.0
1742404800000,0.17129,0.17129,0.17115,0.17128,100628.0
1742404860000,0.17128,0.17138,0.17111,0.17115,162100.0
1742404920000,0.17115,0.17119,0.17094,0.17098,202469.0
1742404980000,0.17099,0.17109,0.17097,0.17109,78140.0
1742405040000,0.1711,0.17111,0.17103,0.17108,257216.0
1742405100000,0.17107,0.17108,0.17098,0.17099,147288.0
1742405160000,0.17098,0.17098,0.17078,0.17089,451104.0
1742405220000,0.1709,0.17095,0.17076,0.1708,275947.0
1742405280000,0.1708,0.17081,0.17063,0.17076,601293.0
1742405340000,0.17076,0.17076,0.17068,0.17073,601963.0
1742405400000,0.17074,0.17082,0.17058,0.17066,514130.0
1742405460000,0.17066,0.17066,0.17026,0.17029,1685755.0
1742405520000,0.17028,0.17028,0.16988,0.17009,2477161.0
1742405580000,0.17009,0.17009,0.16967,0.16983,928012.0
1742405640000,0.16983,0.16994,0.16969,0.16973,201800.0
1742405700000,0.16974,0.17001,0.16956,0.16957,2541503.0
1742405760000,0.16958,0.16974,0.16939,0.1696,1329204.0
1742405820000,0.1696,0.16966,0.16946,0.16949,321180.0
1742405880000,0.16949,0.1696,0.16932,0.16953,785332.0
1742405940000,0.16954,0.16958,0.16914,0.16918,230970.0
1742406000000,0.16917,0.17,0.16895,0.16966,10112761.0
1742406060000,0.16969,0.16969,0.16861,0.16883,5080651.0
1742406120000,0.16882,0.16928,0.16877,0.16907,1836248.0
1742406180000,0.16908,0.16912,0.16869,0.16891,1748362.0
1742406240000,0.16891,0.16894,0.1687,0.16887,1691788.0
1742406300000,0.16886,0.16895,0.16848,0.1689,3491537.0
1742406360000,0.16891,0.16919,0.16888,0.16898,1421284.0
1742406420000,0.16898,0.1692,0.1688,0.16917,1001260.0
1742406480000,0.16918,0.16933,0.16918,0.16923,1491843.0
1742406540000,0.16922,0.16935,0.16915,0.16935,289911.0
1742406600000,0.16935,0.16959,0.16932,0.16952,1131984.0
1742406660000,0.16952,0.16969,0.1695,0.16968,299677.0
1742406720000,0.16968,0.16972,0.16955,0.1696,431768.0
1742406780000,0.1696,0.16975,0.16956,0.16972,378535.0
1742406840000,0.16973,0.16984,0.16972,0.16984,252443.0
1742406900000,0.16985,0.16993,0.16981,0.16981,552031.0
1742406960000,0.16982,0.17014,0.16981,0.17013,371892.0
1742407020000,0.17012,0.17015,0.16986,0.16989,198910.0
1742407080000,0.16989,0.17,0.16972,0.1699,356382.0
1742407140000,0.1699,0.17015,0.16986,0.17015,313259.0
1742407200000,0.17016,0.1724,0.16923,0.17134,19594525.0
1742407260000,0.17135,0.17169,0.17065,0.1709,6690972.0
1742407320000,0.17089,0.17096,0.17005,0.17018,2397171.0
1742407380000,0.17019,0.17089,0.16983,0.17027,3557281.0
1742407440000,0.17027,0.1704,0.16995,0.1701,1121503.0
1742407500000,0.17011,0.17011,0.16928,0.16956,2178418.0
1742407560000,0.16955,0.16963,0.16854,0.16857,2254380.0
1742407620000,0.16857,0.16931,0.1684,0.16922,2655942.0
1742407680000,0.16923,0.16958,0.169,0.16914,927395.0
1742407740000,0.16913,0.16976,0.1691,0.16958,825869.0
1742407800000,0.16958,0.17023,0.16956,0.17017,2807548.0
1742407860000,0.17017,0.17067,0.17017,0.1704,1268092.0
1742407920000,0.17041,0.17088,0.17038,0.17068,946411.0
1742407980000,0.17068,0.17101,0.17054,0.17059,2450344.0
1742408040000,0.17058,0.17092,0.17053,0.17067,1523694.0
1742408100000,0.17067,0.17145,0.17067,0.17136,929425.0
1742408160000,0.17136,0.17171,0.17112,0.17148,2260801.0
1742408220000,0.17148,0.17149,0.17111,0.17114,663418.0
1742408280000,0.17115,0.17125,0.17094,0.17097,776872.0
1742408340000,0.17097,0.1711,0.17055,0.17055,1985015.0
1742408400000,0.17055,0.17058,0.17005,0.17018,567291.0
1742408460000,0.17019,0.17031,0.16994,0.17026,854552.0
1742408520000,0.17027,0.1708,0.17026,0.17079,482684.0
1742408580000,0.1708,0.17087,0.17053,0.17066,806254.0
1742408640000,0.17066,0.17086,0.17056,0.17056,587892.0
1742408700000,0.17055,0.1708,0.1705,0.1705,522483.0
1742408760000,0.17049,0.17062,0.17004,0.17014,376492.0
1742408820000,0.17014,0.17034,0.17009,0.17034,469667.0
1742408880000,0.17034,0.17036,0.16997,0.16999,505251.0
1742408940000,0.16999,0.17012,0.16984,0.17,754824.0
1742409000000,0.17,0.17046,0.16998,0.1703,354850.0
1742409060000,0.17031,0.17098,0.17031,0.1709,557036.0
1742409120000,0.17089,0.17136,0.17089,0.17121,2406705.0
1742409180000,0.17122,0.17139,0.17082,0.17082,737456.0
1742409240000,0.17081,0.17089,0.1706,0.17081,236685.0
1742409300000,0.17081,0.17098,0.17055,0.17056,332992.0
1742409360000,0.17057,0.17074,0.17039,0.17043,394190.0
1742409420000,0.17044,0.17071,0.17043,0.17061,150964.0
1742409480000,0.17061,0.17065,0.17016,0.17033,319338.0
1742409540000,0.17034,0.17041,0.17012,0.17038,237009.0
1742409600000,0.17039,0.17044,0.17007,0.17008,364606.0
1742409660000,0.17009,0.17068,0.17005,0.17059,409397.0
1742409720000,0.1706,0.1708,0.17045,0.17075,124250.0
1742409780000,0.17076,0.17084,0.17053,0.17066,281327.0
1742409840000,0.17066,0.17086,0.17065,0.1708,111978.0
1742409900000,0.17081,0.17123,0.17081,0.171,328089.0
1742409960000,0.171,0.17106,0.17062,0.17082,1695383.0
1742410020000,0.17083,0.17094,0.1707,0.17088,304623.0
1742410080000,0.17088,0.17111,0.17086,0.17109,178258.0
1742410140000,0.17109,0.17135,0.17104,0.17122,801717.0
1742410200000,0.17122,0.1713,0.17115,0.17128,151998.0
1742410260000,0.17128,0.17151,0.17115,0.17151,337965.0
1742410320000,0.17152,0.17186,0.17151,0.17186,429556.0
1742410380000,0.17185,0.17303,0.17183,0.17298,3649803.0
1742410440000,0.17298,0.17299,0.17259,0.17286,4158465.0
1742410500000,0.17285,0.17317,0.17257,0.17317,1161082.0
1742410560000,0.17318,0.17373,0.17317,0.17365,7543173.0
1742410620000,0.17366,0.174,0.17365,0.17398,2459285.0
1742410680000,0.17398,0.17446,0.17397,0.17404,4841990.0
1742410740000,0.17405,0.1745,0.17391,0.17391,977776.0
1742410800000,0.17391,0.17474,0.17391,0.17423,4361707.0
1742410860000,0.17423,0.17436,0.17402,0.17402,1572667.0
1742410920000,0.17403,0.17429,0.17376,0.1739,1417676.0
1742410980000,0.17389,0.17409,0.1736,0.17384,2049071.0
1742411040000,0.17384,0.17411,0.17355,0.17364,701377.0
1742411100000,0.17364,0.17441,0.17342,0.17424,3329146.0
1742411160000,0.17423,0.17494,0.17414,0.17485,9392663.0
1742411220000,0.17485,0.17514,0.1748,0.17511,6854388.0
1742411280000,0.17511,0.17567,0.17508,0.17566,3248621.0
1742411340000,0.17566,0.17599,0.17556,0.17568,4125442.0
1742411400000,0.17567,0.17595,0.17521,0.17521,2679307.0
1742411460000,0.1752,0.1755,0.17487,0.17487,1126252.0
1742411520000,0.17488,0.17489,0.17454,0.17479,654290.0
1742411580000,0.1748,0.17493,0.17475,0.17478,848633.0
1742411640000,0.17478,0.17553,0.17476,0.17548,880179.0
1742411700000,0.17549,0.17561,0.17502,0.17511,1385774.0
1742411760000,0.17511,0.17523,0.17491,0.17492,538904.0
1742411820000,0.17492,0.17499,0.17473,0.17483,817432.0
1742411880000,0.17482,0.17526,0.17469,0.17488,1005831.0
1742411940000,0.17488,0.17537,0.17488,0.17519,1488719.0
1742412000000,0.1752,0.17547,0.17506,0.17509,1982745.0
1742412060000,0.17509,0.17509,0.17422,0.17445,5377614.0
1742412120000,0.17445,0.1746,0.17366,0.17384,11940081.0
1742412180000,0.17384,0.17391,0.17328,0.17367,8479648.0
1742412240000,0.17367,0.17369,0.17343,0.17362,1751769.0
1742412300000,0.17362,0.17381,0.1733,0.17364,2050778.0
1742412360000,0.17363,0.17363,0.1733,0.17334,888543.0
1742412420000,0.17334,0.17334,0.17277,0.17291,1314149.0
1742412480000,0.17292,0.17333,0.17264,0.17275,4321170.0
1742412540000,0.17274,0.17293,0.17252,0.17291,1039083.0
1742412600000,0.17291,0.17328,0.17273,0.17328,1917977.0
1742412660000,0.17328,0.17368,0.17312,0.17324,2977577.0
1742412720000,0.17324,0.1738,0.17315,0.17368,1312332.0
1742412780000,0.17368,0.17409,0.17366,0.17375,1549388.0
1742412840000,0.17375,0.17385,0.17348,0.17366,729075.0
1742412900000,0.17367,0.17385,0.17322,0.17334,538991.0
1742412960000,0.17335,0.17374,0.17331,0.17356,606740.0
1742413020000,0.17357,0.17361,0.17328,0.17336,442617.0
1742413080000,0.17336,0.17397,0.17335,0.17386,1099578.0
1742413140000,0.17386,0.17388,0.17347,0.17377,271566.0
1742413200000,0.17377,0.17397,0.17359,0.17379,324121.0
1742413260000,0.1738,0.17415,0.1738,0.174,998325.0
1742413320000,0.174,0.17426,0.174,0.17424,357350.0
1742413380000,0.17424,0.17437,0.17386,0.17386,513933.0
1742413440000,0.17387,0.17437,0.17387,0.17437,224959.0
1742413500000,0.17437,0.17443,0.17416,0.17434,1256734.0
1742413560000,0.17434,0.17439,0.17397,0.17416,312770.0
1742413620000,0.17415,0.17438,0.17402,0.17427,284535.0
1742413680000,0.17426,0.17448,0.17403,0.17428,698833.0
1742413740000,0.17429,0.17435,0.17399,0.17404,586832.0
1742413800000,0.17403,0.17403,0.17361,0.17367,2475831.0
1742413860000,0.17368,0.17385,0.17352,0.17384,184554.0
1742413920000,0.17385,0.17404,0.17382,0.17393,232111.0
1742413980000,0.17392,0.17433,0.17389,0.17418,307496.0
1742414040000,0.17418,0.17429,0.17413,0.17422,476423.0
1742414100000,0.17421,0.17421,0.17372,0.17389,509624.0
1742414160000,0.17389,0.17406,0.17383,0.17406,159690.0
1742414220000,0.17407,0.17416,0.17384,0.17384,220956.0
1742414280000,0.17385,0.17404,0.1738,0.17383,355422.0
1742414340000,0.17383,0.17404,0.17382,0.17403,296749.0
1742414400000,0.17404,0.17438,0.17403,0.17428,1250750.0
1742414460000,0.17428,0.17439,0.17418,0.1743,219232.0
1742414520000,0.17429,0.17449,0.17429,0.17435,374898.0
1742414580000,0.17434,0.1748,0.17427,0.17472,491528.0
1742414640000,0.17472,0.17486,0.17466,0.17479,492306.0
1742414700000,0.17479,0.17521,0.17471,0.17516,1218837.0
1742414760000,0.17516,0.17542,0.17506,0.17528,527069.0
1742414820000,0.17528,0.17537,0.17492,0.17498,485637.0
1742414880000,0.17498,0.17499,0.1748,0.17484,756830.0
1742414940000,0.17484,0.17494,0.17467,0.17481,558231.0
1742415000000,0.17481,0.17492,0.1747,0.17471,337443.0
1742415060000,0.1747,0.17489,0.17469,0.17482,60971.0
1742415120000,0.17482,0.17482,0.17445,0.17461,374395.0
1742415180000,0.17461,0.17479,0.17461,0.17475,124107.0
1742415240000,0.17475,0.17481,0.17451,0.17458,293346.0
1742415300000,0.17459,0.1749,0.17459,0.17482,337027.0
1742415360000,0.17483,0.17516,0.17483,0.17516,364438.0
1742415420000,0.17515,0.17516,0.17496,0.17511,695526.0
1742415480000,0.17511,0.17529,0.17503,0.17508,281116.0
1742415540000,0.17509,0.1751,0.17489,0.17489,345186.0
1742415600000,0.17489,0.17501,0.1748,0.17484,111121.0
1742415660000,0.17484,0.17498,0.17477,0.1748,291665.0
1742415720000,0.17481,0.17484,0.17465,0.17466,541375.0
1742415780000,0.17466,0.17466,0.17456,0.17462,205755.0
1742415840000,0.17462,0.17478,0.1746,0.17476,605845.0
1742415900000,0.17475,0.17475,0.17464,0.17464,345726.0
1742415960000,0.17464,0.17474,0.17456,0.17465,207807.0
1742416020000,0.17465,0.17471,0.17459,0.1747,77633.0
1742416080000,0.17471,0.17503,0.17471,0.17498,241951.0
1742416140000,0.17498,0.17511,0.1748,0.17487,446202.0
1742416200000,0.17488,0.17489,0.17467,0.17472,267901.0
1742416260000,0.17472,0.17472,0.17446,0.17447,366746.0
1742416320000,0.17447,0.17453,0.17438,0.17446,374416.0
1742416380000,0.17445,0.17462,0.17445,0.17462,497374.0
1742416440000,0.17462,0.17462,0.17442,0.17449,216293.0
1742416500000,0.17449,0.17464,0.17444,0.1746,519706.0
1742416560000,0.1746,0.17461,0.17421,0.17425,347507.0
1742416620000,0.17425,0.17428,0.17412,0.1742,265481.0
1742416680000,0.1742,0.17432,0.17418,0.17427,200606.0
1742416740000,0.17426,0.17426,0.17408,0.17416,199479.0
1742416800000,0.17416,0.17456,0.17415,0.17439,2426019.0
1742416860000,0.17438,0.17439,0.17422,0.1743,142125.0
1742416920000,0.17431,0.17439,0.17422,0.17434,219790.0
1742416980000,0.17433,0.17447,0.17433,0.17447,150087.0
1742417040000,0.17446,0.17446,0.17408,0.17416,362845.0
1742417100000,0.17415,0.17415,0.17384,0.17392,354095.0
1742417160000,0.17393,0.17399,0.17386,0.17395,278669.0
1742417220000,0.17396,0.17423,0.17395,0.17408,1522198.0
1742417280000,0.17408,0.17417,0.17407,0.17415,122571.0
1742417340000,0.17415,0.17416,0.17387,0.17396,149872.0
1742417400000,0.17397,0.17406,0.1739,0.17401,175591.0
1742417460000,0.17401,0.17402,0.17394,0.17394,96706.0
1742417520000,0.17393,0.17395,0.17371,0.17371,324620.0
1742417580000,0.17371,0.17375,0.17364,0.17375,188878.0
1742417640000,0.17374,0.17374,0.17362,0.17364,234374.0
1742417700000,0.17365,0.17366,0.17348,0.17365,356066.0
1742417760000,0.17365,0.17369,0.17353,0.17357,107717.0
1742417820000,0.17358,0.17379,0.17357,0.17378,193770.0
1742417880000,0.17378,0.17389,0.17378,0.17387,834652.0
1742417940000,0.17387,0.17398,0.17386,0.17398,359424.0
1742418000000,0.17398,0.1742,0.17391,0.17419,309145.0
1742418060000,0.1742,0.17441,0.1742,0.17431,410120.0
1742418120000,0.17431,0.17453,0.17424,0.17424,284591.0
1742418180000,0.17424,0.17466,0.17424,0.17466,259748.0
1742418240000,0.17466,0.17467,0.17457,0.17467,277113.0
1742418300000,0.17468,0.17482,0.17458,0.17481,401429.0
1742418360000,0.17481,0.17486,0.17454,0.17456,197941.0
1742418420000,0.17457,0.17477,0.17457,0.17477,202950.0
1742418480000,0.17478,0.17503,0.17478,0.17488,1799191.0
1742418540000,0.17488,0.17502,0.17488,0.175,382759.0
1742418600000,0.175,0.1751,0.17485,0.1751,191243.0
1742418660000,0.1751,0.17514,0.17485,0.17491,1010457.0
1742418720000,0.17491,0.17516,0.17487,0.17515,456204.0
1742418780000,0.17515,0.17539,0.17513,0.17535,231782.0
1742418840000,0.17534,0.17537,0.17529,0.17529,196832.0
1742418900000,0.17529,0.17544,0.17525,0.17541,163903.0
1742418960000,0.17542,0.17542,0.17503,0.17503,265392.0
1742419020000,0.17502,0.17532,0.17498,0.1752,339232.0
1742419080000,0.17521,0.17526,0.175,0.17508,294084.0
1742419140000,0.17508,0.17531,0.17508,0.17511,584082.0
1742419200000,0.17511,0.17518,0.17511,0.17514,40620.0
1742419260000,0.17515,0.17545,0.17515,0.17543,147483.0
1742419320000,0.17544,0.1755,0.17544,0.17547,272647.0
1742419380000,0.17547,0.17567,0.17547,0.17559,658124.0
1742419440000,0.1756,0.1756,0.17536,0.17536,380198.0
1742419500000,0.17537,0.17537,0.17505,0.1752,381339.0
1742419560000,0.1752,0.1752,0.17493,0.17494,809898.0
1742419620000,0.17494,0.17506,0.17492,0.17505,231144.0
1742419680000,0.17505,0.17512,0.17505,0.17507,73395.0
1742419740000,0.17507,0.17507,0.17482,0.17483,138030.0
1742419800000,0.17482,0.17498,0.17476,0.17497,265965.0
1742419860000,0.17498,0.17507,0.17484,0.17484,136090.0
1742419920000,0.17483,0.17511,0.17482,0.17509,594906.0
1742419980000,0.17509,0.17533,0.17509,0.1753,156997.0
1742420040000,0.1753,0.17539,0.17527,0.17539,99978.0
1742420100000,0.17539,0.17572,0.17538,0.17569,211512.0
1742420160000,0.17569,0.17569,0.17543,0.1756,597311.0
1742420220000,0.17559,0.17562,0.17554,0.17554,42014.0
1742420280000,0.17554,0.17557,0.17544,0.17554,189221.0
1742420340000,0.17554,0.17572,0.17547,0.17562,1383424.0
1742420400000,0.17563,0.17567,0.1754,0.17541,400244.0
1742420460000,0.1754,0.17544,0.17532,0.17544,74353.0
1742420520000,0.17545,0.1755,0.17528,0.17531,127861.0
1742420580000,0.1753,0.17532,0.17515,0.17517,379013.0
1742420640000,0.17516,0.17522,0.17515,0.17516,157245.0
1742420700000,0.17517,0.17529,0.17507,0.17508,677398.0
1742420760000,0.17508,0.1752,0.17508,0.17519,57891.0
1742420820000,0.1752,0.17524,0.17501,0.17501,214503.0
1742420880000,0.175,0.17516,0.17495,0.17515,207167.0
1742420940000,0.17515,0.17526,0.17515,0.17525,48442.0
1742421000000,0.17526,0.17527,0.17518,0.17518,97058.0
1742421060000,0.17517,0.17518,0.17516,0.17517,85476.0
1742421120000,0.17517,0.17519,0.17496,0.17501,96578.0
1742421180000,0.17501,0.17508,0.17501,0.17504,64065.0
1742421240000,0.17504,0.17512,0.17504,0.17505,132183.0
1742421300000,0.17505,0.17505,0.17476,0.17476,59718.0
1742421360000,0.17477,0.17494,0.17471,0.17471,385791.0
1742421420000,0.17471,0.17481,0.17466,0.17481,232131.0
1742421480000,0.17482,0.17494,0.17482,0.17492,146970.0
1742421540000,0.17493,0.17504,0.17471,0.17504,405701.0
1742421600000,0.17504,0.17552,0.17504,0.17541,576058.0
1742421660000,0.17541,0.17547,0.17529,0.17534,182188.0
1742421720000,0.17534,0.17562,0.17531,0.17552,753117.0
1742421780000,0.17551,0.1757,0.17551,0.17556,252886.0
1742421840000,0.17557,0.17563,0.17527,0.17529,419690.0
1742421900000,0.17528,0.17542,0.17523,0.17529,198726.0
1742421960000,0.1753,0.17545,0.17529,0.17545,390913.0
1742422020000,0.17544,0.17553,0.17542,0.17553,392356.0
1742422080000,0.17554,0.17559,0.1755,0.17558,186939.0
1742422140000,0.17558,0.17564,0.17549,0.1755,178350.0
1742422200000,0.17549,0.17568,0.17548,0.17568,1186024.0
1742422260000,0.17567,0.17575,0.17563,0.17564,894818.0
1742422320000,0.17564,0.17564,0.17551,0.17562,994730.0
1742422380000,0.17562,0.17569,0.17555,0.17562,650478.0
1742422440000,0.17562,0.17576,0.17562,0.17575,357806.0
1742422500000,0.17576,0.17588,0.17576,0.17581,531814.0
1742422560000,0.1758,0.17581,0.17558,0.17562,644966.0
1742422620000,0.17562,0.17577,0.17562,0.17567,1577328.0
1742422680000,0.17567,0.17569,0.17553,0.17557,240146.0
1742422740000,0.17556,0.17562,0.17547,0.17558,89748.0
1742422800000,0.17558,0.17568,0.17553,0.17568,350647.0
1742422860000,0.17569,0.17574,0.17544,0.1755,595712.0
1742422920000,0.17549,0.17551,0.1754,0.17551,162159.0
1742422980000,0.17552,0.17571,0.17551,0.17562,700248.0
1742423040000,0.17563,0.17569,0.17555,0.17559,335003.0
1742423100000,0.17559,0.1757,0.17559,0.17562,57139.0
1742423160000,0.17562,0.17563,0.17553,0.17559,429244.0
1742423220000,0.1756,0.17562,0.17554,0.17559,322780.0
1742423280000,0.1756,0.17561,0.17553,0.17554,403594.0
1742423340000,0.17554,0.17554,0.17551,0.17554,226075.0
1742423400000,0.17555,0.17565,0.17552,0.17564,2348319.0
1742423460000,0.17564,0.17573,0.17563,0.17564,142022.0
1742423520000,0.17563,0.17582,0.17559,0.1758,1012069.0
1742423580000,0.1758,0.17593,0.17579,0.17588,239716.0
1742423640000,0.17587,0.17593,0.17585,0.17585,252160.0
1742423700000,0.17586,0.17591,0.1758,0.17584,144331.0
1742423760000,0.17584,0.17597,0.17584,0.17594,154504.0
1742423820000,0.17595,0.17597,0.17589,0.17594,147562.0
1742423880000,0.17594,0.17613,0.17591,0.17605,2177447.0
1742423940000,0.17605,0.17608,0.17601,0.17606,319557.0
1742424000000,0.17605,0.17605,0.17584,0.17584,856110.0
1742424060000,0.17584,0.17653,0.17584,0.17653,1868557.0
1742424120000,0.17653,0.17684,0.17644,0.17678,1660874.0
1742424180000,0.17678,0.17693,0.17677,0.17683,1964296.0
1742424240000,0.17683,0.17726,0.17681,0.17683,5993738.0
1742424300000,0.17684,0.17749,0.17676,0.17733,1991446.0
1742424360000,0.17733,0.17749,0.17711,0.17721,789608.0
1742424420000,0.17721,0.17722,0.17686,0.17702,710554.0
1742424480000,0.17703,0.17734,0.17696,0.17724,709927.0
1742424540000,0.17724,0.17736,0.17718,0.17723,125941.0
1742424600000,0.17722,0.17722,0.17687,0.17687,409951.0
1742424660000,0.17687,0.17687,0.17657,0.17669,308410.0
1742424720000,0.17669,0.1767,0.1766,0.17662,79931.0
1742424780000,0.17661,0.17673,0.17644,0.17645,172923.0
1742424840000,0.17645,0.17648,0.17627,0.17644,447052.0
1742424900000,0.17644,0.17648,0.17629,0.17629,381001.0
1742424960000,0.1763,0.17638,0.17623,0.17638,228382.0
1742425020000,0.17639,0.17641,0.17623,0.17623,65721.0
1742425080000,0.17624,0.17627,0.17609,0.17625,285093.0
1742425140000,0.17625,0.17637,0.17623,0.17628,142218.0
1742425200000,0.17628,0.17659,0.17628,0.17648,224685.0
1742425260000,0.17649,0.1767,0.17648,0.17669,156874.0
1742425320000,0.17669,0.1768,0.17643,0.17644,161745.0
1742425380000,0.17644,0.17661,0.17634,0.17648,238475.0
1742425440000,0.17647,0.17677,0.17646,0.17663,485479.0
1742425500000,0.17662,0.17667,0.17655,0.17657,121357.0
1742425560000,0.17656,0.17672,0.17656,0.17671,187285.0
1742425620000,0.17672,0.17693,0.17672,0.17686,487451.0
1742425680000,0.17685,0.17696,0.17684,0.17685,175046.0
1742425740000,0.17685,0.17693,0.17678,0.17691,163363.0
1742425800000,0.1769,0.1769,0.17664,0.17686,694054.0
1742425860000,0.17686,0.17686,0.17669,0.17674,258082.0
1742425920000,0.17673,0.17673,0.17638,0.17642,405864.0
1742425980000,0.17643,0.17661,0.17634,0.17634,177270.0
1742426040000,0.17634,0.17647,0.17634,0.17644,35190.0
1742426100000,0.17644,0.17654,0.17635,0.17637,338522.0
1742426160000,0.17637,0.17642,0.17627,0.17637,185411.0
1742426220000,0.17637,0.17641,0.17625,0.1763,374707.0
1742426280000,0.1763,0.17633,0.17612,0.1762,298839.0
1742426340000,0.17621,0.17633,0.17613,0.17632,193205.0
1742426400000,0.17633,0.17639,0.17628,0.17628,719860.0
1742426460000,0.17627,0.17642,0.17627,0.17641,103018.0
1742426520000,0.17642,0.17647,0.17642,0.17646,106455.0
1742426580000,0.17646,0.17661,0.17639,0.17649,296337.0
1742426640000,0.17648,0.17648,0.17632,0.17635,83736.0
1742426700000,0.17635,0.17654,0.17634,0.17643,227268.0
1742426760000,0.17643,0.17694,0.17643,0.17694,1978435.0
1742426820000,0.17694,0.17704,0.17689,0.1769,881650.0
1742426880000,0.17689,0.17698,0.17683,0.17684,603633.0
1742426940000,0.17684,0.17713,0.17682,0.17712,425394.0
1742427000000,0.17712,0.17721,0.1769,0.17712,2016428.0
1742427060000,0.17712,0.17725,0.17704,0.1772,506093.0
1742427120000,0.17721,0.1777,0.1772,0.17762,2154948.0
1742427180000,0.17761,0.17775,0.17738,0.17739,902146.0
1742427240000,0.17739,0.17753,0.17735,0.17735,687877.0
1742427300000,0.17734,0.17734,0.17708,0.17712,531665.0
1742427360000,0.17713,0.17751,0.17711,0.17746,377018.0
1742427420000,0.17746,0.1776,0.17746,0.17757,171426.0
1742427480000,0.17757,0.17788,0.17755,0.17779,845751.0
1742427540000,0.17778,0.17783,0.17765,0.17769,311838.0
1742427600000,0.17768,0.1778,0.17752,0.17777,504585.0
1742427660000,0.17777,0.17799,0.17777,0.17797,273510.0
1742427720000,0.17798,0.17804,0.17787,0.17803,1354114.0
1742427780000,0.17804,0.17846,0.17804,0.17817,4447563.0
1742427840000,0.17818,0.17827,0.17803,0.17804,1292919.0
1742427900000,0.17803,0.17807,0.17782,0.17806,840302.0
1742427960000,0.17806,0.17814,0.17798,0.17809,325062.0
1742428020000,0.17809,0.17847,0.17807,0.17847,340380.0
1742428080000,0.17847,0.1788,0.17844,0.17854,1441311.0
1742428140000,0.17855,0.17861,0.17845,0.17846,242836.0
1742428200000,0.17847,0.1785,0.17815,0.17815,574478.0
1742428260000,0.17815,0.17859,0.17814,0.17844,1045682.0
1742428320000,0.17844,0.17859,0.17835,0.17845,602319.0
1742428380000,0.17845,0.17854,0.17829,0.17846,1179035.0
1742428440000,0.17846,0.17852,0.1781,0.1781,960257.0
1742428500000,0.1781,0.17827,0.17782,0.17784,558821.0
1742428560000,0.17785,0.17803,0.17779,0.17797,414294.0
1742428620000,0.17798,0.1781,0.1779,0.17792,1270541.0
1742428680000,0.17792,0.17805,0.17782,0.17801,630955.0
1742428740000,0.178,0.17801,0.17793,0.17799,367435.0
1742428800000,0.178,0.17833,0.17789,0.17796,1524000.0
1742428860000,0.17796,0.17808,0.1776,0.17766,1212550.0
1742428920000,0.17765,0.17851,0.17765,0.17815,3183021.0
1742428980000,0.17815,0.17845,0.17794,0.17845,1288496.0
1742429040000,0.17846,0.17919,0.17846,0.17868,5595655.0
1742429100000,0.17868,0.17869,0.17838,0.17845,1355574.0
1742429160000,0.17845,0.17855,0.17808,0.1782,474852.0
1742429220000,0.17821,0.17833,0.17797,0.17807,988827.0
1742429280000,0.17808,0.17843,0.17808,0.17842,667730.0
1742429340000,0.17842,0.17879,0.17838,0.17876,544319.0
1742429400000,0.17876,0.17883,0.17843,0.17882,251435.0
1742429460000,0.17882,0.17917,0.17878,0.17896,922569.0
1742429520000,0.17896,0.17909,0.17859,0.1786,1518612.0
1742429580000,0.17861,0.17901,0.17861,0.17898,238881.0
1742429640000,0.17899,0.17902,0.17873,0.17884,1267462.0
1742429700000,0.17885,0.17889,0.17859,0.17872,357758.0
1742429760000,0.17873,0.17882,0.17833,0.17837,565538.0
1742429820000,0.17837,0.17838,0.17804,0.17807,981292.0
1742429880000,0.17808,0.17815,0.17786,0.17812,2959386.0
1742429940000,0.17811,0.17844,0.17811,0.17825,372852.0
1742430000000,0.17826,0.17826,0.1779,0.17799,1458050.0
1742430060000,0.178,0.17812,0.17787,0.17792,741670.0
1742430120000,0.17791,0.17799,0.17774,0.1778,1842581.0
1742430180000,0.17779,0.17781,0.17751,0.17757,985414.0
1742430240000,0.17757,0.17781,0.17737,0.1774,1770619.0
1742430300000,0.17739,0.1775,0.17728,0.17729,940515.0
1742430360000,0.17729,0.1776,0.17728,0.17756,315727.0
1742430420000,0.17756,0.17761,0.17735,0.17761,611965.0
1742430480000,0.1776,0.17769,0.17748,0.17754,338771.0
1742430540000,0.17755,0.17766,0.17754,0.17766,517868.0
1742430600000,0.17765,0.17795,0.17728,0.17732,1035014.0
1742430660000,0.17732,0.17757,0.17727,0.17744,405503.0
1742430720000,0.17743,0.17765,0.1772,0.17761,286602.0
1742430780000,0.1776,0.17767,0.17743,0.17757,282834.0
1742430840000,0.17758,0.17797,0.17758,0.17771,1148070.0
1742430900000,0.1777,0.17793,0.17753,0.17753,326555.0
1742430960000,0.17753,0.17758,0.17747,0.17752,429921.0
1742431020000,0.17752,0.17752,0.17727,0.17727,486426.0
1742431080000,0.17727,0.17727,0.17682,0.17701,2567900.0
1742431140000,0.17701,0.17719,0.17675,0.17696,2029116.0
1742431200000,0.17695,0.17716,0.17692,0.17701,2215944.0
1742431260000,0.17701,0.17715,0.17685,0.17689,732338.0
1742431320000,0.17688,0.17705,0.17678,0.17691,577472.0
1742431380000,0.17691,0.17691,0.17669,0.17676,300467.0
1742431440000,0.17676,0.17689,0.17673,0.17682,2236303.0
1742431500000,0.17683,0.17698,0.17681,0.17688,616335.0
1742431560000,0.17688,0.17688,0.17645,0.17656,641644.0
1742431620000,0.17656,0.17658,0.1763,0.17631,646045.0
1742431680000,0.17632,0.17649,0.17628,0.1764,3448023.0
1742431740000,0.1764,0.17644,0.17615,0.17625,835590.0
1742431800000,0.17624,0.17643,0.17619,0.17632,841456.0
1742431860000,0.17632,0.17635,0.17591,0.17605,2407858.0
1742431920000,0.17604,0.17625,0.17593,0.17624,332408.0
1742431980000,0.17623,0.17648,0.17616,0.17648,908785.0
1742432040000,0.17649,0.17676,0.17649,0.17658,650958.0
1742432100000,0.17659,0.17665,0.17651,0.17655,523452.0
1742432160000,0.17654,0.1767,0.17647,0.1766,514342.0
1742432220000,0.17661,0.17668,0.17654,0.17654,514330.0
1742432280000,0.17654,0.17665,0.17647,0.17656,613153.0
1742432340000,0.17655,0.17658,0.17636,0.17636,415248.0
1742432400000,0.17637,0.17676,0.17637,0.17672,832707.0
1742432460000,0.17672,0.17672,0.17642,0.17652,592993.0
1742432520000,0.17652,0.17671,0.1762,0.17663,4908592.0
1742432580000,0.17664,0.17703,0.17664,0.17693,412987.0
1742432640000,0.17693,0.17711,0.17689,0.17704,344307.0
1742432700000,0.17705,0.17737,0.17705,0.17737,676874.0
1742432760000,0.17737,0.17741,0.17718,0.17718,542946.0
1742432820000,0.17718,0.17735,0.17714,0.17727,874497.0
1742432880000,0.17727,0.17748,0.1772,0.17728,248868.0
1742432940000,0.17728,0.17763,0.17728,0.17759,207764.0
1742433000000,0.17759,0.17765,0.17738,0.1775,918997.0
1742433060000,0.17749,0.17772,0.17749,0.17759,329377.0
1742433120000,0.17758,0.17761,0.17754,0.17756,107591.0
1742433180000,0.17756,0.17756,0.17733,0.17733,194146.0
1742433240000,0.17732,0.17732,0.17716,0.1772,191066.0
1742433300000,0.1772,0.17727,0.17685,0.17694,275126.0
1742433360000,0.17695,0.17713,0.17691,0.177,217130.0
1742433420000,0.17701,0.17707,0.17678,0.17695,4095299.0
1742433480000,0.17694,0.17764,0.17694,0.17764,620400.0
1742433540000,0.17765,0.17799,0.17762,0.17799,453131.0
1742433600000,0.17798,0.17798,0.17754,0.17754,802617.0
1742433660000,0.17754,0.17783,0.17743,0.17761,752217.0
1742433720000,0.17761,0.17763,0.17727,0.1774,259028.0
1742433780000,0.17739,0.17749,0.17726,0.17749,203107.0
1742433840000,0.1775,0.17763,0.1775,0.17755,328379.0
1742433900000,0.17756,0.17762,0.17745,0.17747,118936.0
1742433960000,0.17748,0.17773,0.17746,0.17771,163226.0
1742434020000,0.17771,0.17783,0.17769,0.17779,654342.0
1742434080000,0.17778,0.17786,0.17764,0.17784,98918.0
1742434140000,0.17784,0.17784,0.1777,0.17776,135490.0
1742434200000,0.17775,0.17779,0.17742,0.17747,318039.0
1742434260000,0.17747,0.17747,0.17707,0.17708,156218.0
1742434320000,0.17708,0.17727,0.17701,0.17727,467148.0
1742434380000,0.17727,0.17727,0.17701,0.1772,240383.0
1742434440000,0.1772,0.17728,0.17703,0.17703,152570.0
1742434500000,0.17703,0.17704,0.17664,0.17669,1317212.0
1742434560000,0.17669,0.17692,0.17669,0.17692,967690.0
1742434620000,0.17691,0.17706,0.17674,0.17703,706083.0
1742434680000,0.17703,0.17703,0.17673,0.17679,1428844.0
1742434740000,0.17679,0.17685,0.17663,0.17682,608084.0
1742434800000,0.17681,0.17707,0.17678,0.17691,2036140.0
1742434860000,0.17692,0.17692,0.1767,0.17681,88512.0
1742434920000,0.17682,0.17683,0.17653,0.17662,374434.0
1742434980000,0.17663,0.17673,0.17652,0.17656,343470.0
1742435040000,0.17655,0.17656,0.1763,0.17639,703323.0
1742435100000,0.17638,0.1768,0.17637,0.17671,228934.0
1742435160000,0.17671,0.17681,0.17662,0.17678,209237.0
1742435220000,0.17677,0.17682,0.17649,0.17652,872580.0
1742435280000,0.17653,0.17678,0.17652,0.17672,425433.0
1742435340000,0.17672,0.17691,0.17672,0.17691,156208.0
1742435400000,0.17692,0.17729,0.17692,0.17713,574916.0
1742435460000,0.17713,0.17718,0.17692,0.17692,225215.0
1742435520000,0.17691,0.17722,0.17688,0.17714,435840.0
1742435580000,0.17715,0.17731,0.17711,0.17723,220639.0
1742435640000,0.17724,0.17733,0.17707,0.17714,319727.0
1742435700000,0.17715,0.17716,0.17693,0.17698,315521.0
1742435760000,0.17697,0.1771,0.17693,0.1771,76334.0
1742435820000,0.1771,0.1771,0.1768,0.17681,36933.0
1742435880000,0.17681,0.17684,0.17675,0.1768,51193.0
1742435940000,0.17679,0.17691,0.17673,0.1769,128723.0
1742436000000,0.1769,0.17726,0.1769,0.17711,194604.0
1742436060000,0.17712,0.17731,0.17702,0.17716,291124.0
1742436120000,0.17716,0.17716,0.17681,0.17685,510582.0
1742436180000,0.17685,0.17687,0.17657,0.17662,321987.0
1742436240000,0.17663,0.17674,0.17637,0.17637,295479.0
1742436300000,0.17637,0.17646,0.17623,0.17633,298665.0
1742436360000,0.17634,0.1767,0.17634,0.1767,476444.0
1742436420000,0.1767,0.17678,0.17656,0.17676,250483.0
1742436480000,0.17675,0.17682,0.17662,0.17665,422878.0
1742436540000,0.17665,0.17692,0.17665,0.17681,446890.0
1742436600000,0.17681,0.17694,0.17659,0.17668,674945.0
1742436660000,0.17668,0.1767,0.17652,0.17663,870930.0
1742436720000,0.17663,0.17673,0.17658,0.17658,236895.0
1742436780000,0.17658,0.17658,0.17621,0.17625,268731.0
1742436840000,0.17624,0.17638,0.1762,0.17636,54363.0
1742436900000,0.17635,0.17635,0.17614,0.1762,391647.0
1742436960000,0.17619,0.17619,0.17589,0.17593,244130.0
1742437020000,0.17592,0.17597,0.17571,0.17571,364494.0
1742437080000,0.1757,0.17588,0.1757,0.17587,567667.0
1742437140000,0.17588,0.17601,0.1758,0.17595,979869.0
1742437200000,0.17595,0.17597,0.17574,0.17585,347177.0
1742437260000,0.17584,0.17585,0.1757,0.1757,146053.0
1742437320000,0.1757,0.17584,0.17563,0.17571,356843.0
1742437380000,0.1757,0.176,0.17565,0.17599,216058.0
1742437440000,0.17599,0.176,0.17578,0.17588,152941.0
1742437500000,0.17588,0.17603,0.17583,0.17603,311388.0
1742437560000,0.17602,0.17603,0.17591,0.17595,941926.0
1742437620000,0.17595,0.17613,0.17593,0.17607,184066.0
1742437680000,0.17606,0.17606,0.17588,0.17589,224009.0
1742437740000,0.17589,0.17595,0.17573,0.17582,151230.0
1742437800000,0.17583,0.17586,0.17569,0.17572,184119.0
1742437860000,0.17572,0.17578,0.17563,0.17568,179544.0
1742437920000,0.17568,0.17573,0.17563,0.17563,202192.0
1742437980000,0.17564,0.1757,0.17546,0.17565,353180.0
1742438040000,0.17565,0.17574,0.1755,0.17573,116609.0
1742438100000,0.17573,0.17587,0.1756,0.17587,256628.0
1742438160000,0.17587,0.17602,0.17584,0.17597,583345.0
1742438220000,0.17598,0.17614,0.17598,0.17604,257674.0
1742438280000,0.17605,0.17614,0.17596,0.17598,180732.0
1742438340000,0.17598,0.17618,0.17598,0.17618,584060.0
1742438400000,0.17618,0.17632,0.17618,0.17618,273620.0
1742438460000,0.17617,0.17623,0.17603,0.17623,199183.0
1742438520000,0.17624,0.17635,0.17624,0.17635,66445.0
1742438580000,0.17635,0.17657,0.17635,0.17638,407548.0
1742438640000,0.17637,0.17641,0.17632,0.17638,94964.0
1742438700000,0.17638,0.17642,0.1763,0.17632,134799.0
1742438760000,0.17631,0.17664,0.17631,0.17661,648438.0
1742438820000,0.17661,0.17674,0.17651,0.17653,296148.0
1742438880000,0.17652,0.17652,0.17635,0.17643,153392.0
1742438940000,0.17644,0.17649,0.17631,0.17631,55317.0
1742439000000,0.17631,0.17638,0.17622,0.17638,139220.0
1742439060000,0.17638,0.17645,0.17638,0.17644,73466.0
1742439120000,0.17645,0.17662,0.17645,0.17661,258583.0
1742439180000,0.17661,0.17678,0.17661,0.17677,223603.0
1742439240000,0.17678,0.17689,0.17675,0.17687,331584.0
1742439300000,0.17687,0.17697,0.17669,0.17675,473398.0
1742439360000,0.17675,0.17684,0.17668,0.17684,181268.0
1742439420000,0.17685,0.17698,0.17684,0.17697,59526.0
1742439480000,0.17697,0.17698,0.17675,0.17675,59509.0
1742439540000,0.17675,0.17679,0.17671,0.17673,95794.0
1742439600000,0.17674,0.17693,0.17674,0.17687,109147.0
1742439660000,0.17687,0.17694,0.17671,0.17671,308704.0
1742439720000,0.17672,0.17683,0.17668,0.17677,65477.0
1742439780000,0.17676,0.17676,0.1765,0.17653,45856.0
1742439840000,0.17653,0.1766,0.17639,0.1764,126810.0
1742439900000,0.17639,0.1765,0.17638,0.17649,64540.0
1742439960000,0.17649,0.17653,0.17638,0.17648,310522.0
1742440020000,0.17648,0.17654,0.17637,0.17654,631613.0
1742440080000,0.17653,0.1766,0.17647,0.1765,326681.0
1742440140000,0.17651,0.17653,0.1764,0.17645,707939.0
1742440200000,0.17645,0.17648,0.1763,0.17631,744088.0
1742440260000,0.17631,0.17632,0.17614,0.17614,116642.0
1742440320000,0.17613,0.17613,0.17596,0.176,253644.0
1742440380000,0.176,0.17601,0.17587,0.17592,240578.0
1742440440000,0.17593,0.17595,0.17583,0.17586,118030.0
1742440500000,0.17585,0.17592,0.17584,0.17587,507552.0
1742440560000,0.17587,0.17603,0.17586,0.17602,550405.0
1742440620000,0.17602,0.1762,0.17597,0.1762,386661.0
1742440680000,0.1762,0.17625,0.17609,0.17609,145218.0
1742440740000,0.17609,0.1761,0.17599,0.17606,69710.0
1742440800000,0.17607,0.17611,0.17602,0.17605,243289.0
1742440860000,0.17606,0.17606,0.17589,0.17589,182414.0
1742440920000,0.17589,0.17593,0.17583,0.17583,423606.0
1742440980000,0.17584,0.17591,0.17581,0.17588,842353.0
1742441040000,0.17587,0.17593,0.17584,0.17587,245401.0
1742441100000,0.17587,0.17594,0.17579,0.17584,337204.0
1742441160000,0.17585,0.17592,0.17585,0.17591,373795.0
1742441220000,0.17592,0.17609,0.17582,0.17586,241790.0
1742441280000,0.17585,0.1759,0.17583,0.17588,107443.0
1742441340000,0.17589,0.17592,0.17582,0.17582,222500.0
1742441400000,0.17582,0.17596,0.17579,0.17592,190623.0
1742441460000,0.17591,0.17591,0.1757,0.1757,107304.0
1742441520000,0.1757,0.17572,0.17566,0.17568,183040.0
1742441580000,0.17568,0.17568,0.17556,0.17559,232471.0
1742441640000,0.1756,0.17571,0.17559,0.1757,1123660.0
1742441700000,0.17571,0.17573,0.17565,0.17572,267916.0
1742441760000,0.17573,0.17584,0.17568,0.17584,204869.0
1742441820000,0.17585,0.17588,0.17571,0.17571,128580.0
1742441880000,0.17571,0.17599,0.17569,0.17594,177692.0
1742441940000,0.17594,0.17594,0.17579,0.17584,96964.0
1742442000000,0.17583,0.17594,0.17582,0.17587,156099.0
1742442060000,0.17587,0.17597,0.17587,0.17595,122835.0
1742442120000,0.17594,0.17597,0.1758,0.17596,356542.0
1742442180000,0.17596,0.176,0.17592,0.176,88488.0
1742442240000,0.176,0.17613,0.17599,0.17611,163364.0
1742442300000,0.17611,0.17639,0.17609,0.17631,2246604.0
1742442360000,0.17631,0.17631,0.17621,0.17627,54363.0
1742442420000,0.17627,0.17634,0.17612,0.17612,110610.0
1742442480000,0.17612,0.17616,0.17603,0.17604,349668.0
1742442540000,0.17604,0.17609,0.17601,0.17605,43508.0
1742442600000,0.17605,0.17605,0.17574,0.17576,192471.0
1742442660000,0.17576,0.17576,0.17552,0.17561,777818.0
1742442720000,0.17561,0.17567,0.17551,0.17566,66988.0
1742442780000,0.17567,0.17568,0.17557,0.17558,284407.0
1742442840000,0.17558,0.17572,0.17556,0.17568,97915.0
1742442900000,0.17568,0.17572,0.17558,0.17564,60160.0
1742442960000,0.17563,0.17572,0.17559,0.17571,114296.0
1742443020000,0.17572,0.17579,0.17565,0.17569,76167.0
1742443080000,0.1757,0.17571,0.17565,0.17569,28564.0
1742443140000,0.17569,0.17573,0.17565,0.17566,92518.0
1742443200000,0.17566,0.17582,0.1756,0.17582,384311.0
1742443260000,0.17582,0.17588,0.17551,0.17552,249111.0
1742443320000,0.17551,0.17551,0.17523,0.17541,1131361.0
1742443380000,0.17541,0.17553,0.17537,0.17542,292086.0
1742443440000,0.17543,0.17557,0.1754,0.17557,202162.0
1742443500000,0.17557,0.17558,0.17543,0.17543,196447.0
1742443560000,0.17544,0.17546,0.17526,0.17531,274518.0
1742443620000,0.17531,0.17533,0.17528,0.17533,192334.0
1742443680000,0.17534,0.17535,0.1752,0.17527,279572.0
1742443740000,0.17526,0.17526,0.17514,0.17517,90779.0
1742443800000,0.17517,0.1752,0.1751,0.17514,75061.0
1742443860000,0.17514,0.1752,0.17486,0.17486,372462.0
1742443920000,0.17486,0.17495,0.17482,0.17483,314018.0
1742443980000,0.17484,0.17487,0.17476,0.17485,1292678.0
1742444040000,0.17484,0.17498,0.17481,0.17496,231738.0
1742444100000,0.17495,0.17498,0.17479,0.17482,265952.0
1742444160000,0.17483,0.17487,0.17468,0.17476,581519.0
1742444220000,0.17477,0.1748,0.17439,0.17452,1604990.0
1742444280000,0.17452,0.17462,0.17452,0.17461,118577.0
1742444340000,0.1746,0.17473,0.1746,0.17466,156679.0
1742444400000,0.17466,0.17479,0.17466,0.17473,307180.0
1742444460000,0.17473,0.1748,0.1746,0.1748,1574295.0
1742444520000,0.1748,0.17498,0.17477,0.17495,251879.0
1742444580000,0.17496,0.175,0.17495,0.175,97718.0
1742444640000,0.17499,0.1751,0.17495,0.17509,214725.0
1742444700000,0.1751,0.17517,0.17509,0.1751,114795.0
1742444760000,0.1751,0.17515,0.17504,0.17515,170315.0
1742444820000,0.17515,0.17522,0.17508,0.17509,203394.0
1742444880000,0.17509,0.17512,0.17498,0.17499,339861.0
1742444940000,0.17499,0.17506,0.17499,0.17506,146955.0
1742445000000,0.17506,0.17517,0.17503,0.17505,97217.0
1742445060000,0.17505,0.1752,0.17503,0.17503,188526.0
1742445120000,0.17503,0.17506,0.17485,0.17487,358242.0
1742445180000,0.17486,0.17493,0.17485,0.17493,124457.0
1742445240000,0.17492,0.17493,0.17485,0.17487,121521.0
1742445300000,0.17487,0.17487,0.17453,0.17454,658053.0
1742445360000,0.17454,0.17464,0.1745,0.17461,303971.0
1742445420000,0.17461,0.17461,0.17439,0.17453,224782.0
1742445480000,0.17453,0.17464,0.17438,0.17438,326805.0
1742445540000,0.17438,0.17456,0.17438,0.17455,700938.0
1742445600000,0.17455,0.17472,0.17454,0.17468,185706.0
1742445660000,0.17468,0.17469,0.17415,0.17429,1826104.0
1742445720000,0.17429,0.17429,0.174,0.17421,1557713.0
1742445780000,0.17421,0.17429,0.17421,0.17429,154641.0
1742445840000,0.17429,0.17438,0.17428,0.17432,459010.0
1742445900000,0.17432,0.17436,0.1741,0.17414,419648.0
1742445960000,0.17414,0.17425,0.17409,0.17425,177772.0
1742446020000,0.17426,0.17426,0.17417,0.17417,92843.0
1742446080000,0.17417,0.17423,0.17413,0.17422,135217.0
1742446140000,0.17422,0.17445,0.17422,0.17444,358266.0
1742446200000,0.17444,0.17449,0.17438,0.1744,336629.0
1742446260000,0.17439,0.17454,0.17434,0.17451,166793.0
1742446320000,0.17451,0.17454,0.17443,0.17446,94068.0
1742446380000,0.17446,0.17449,0.17438,0.17447,209760.0
1742446440000,0.17446,0.17447,0.17435,0.17443,120632.0
1742446500000,0.17443,0.17449,0.17443,0.17447,121185.0
1742446560000,0.17448,0.17448,0.17436,0.17446,157000.0
1742446620000,0.17446,0.17455,0.17446,0.17447,287874.0
1742446680000,0.17447,0.17454,0.17445,0.17449,187262.0
1742446740000,0.17449,0.17454,0.17447,0.17453,79004.0
1742446800000,0.17454,0.17471,0.17454,0.17471,82594.0
1742446860000,0.1747,0.17475,0.17455,0.17475,143431.0
1742446920000,0.17475,0.17476,0.17459,0.1746,78717.0
1742446980000,0.17459,0.17464,0.17448,0.17464,409220.0
1742447040000,0.17465,0.17467,0.17462,0.17466,187816.0
1742447100000,0.17467,0.17467,0.17451,0.17452,110359.0
1742447160000,0.17452,0.17452,0.17441,0.17444,148214.0
1742447220000,0.17443,0.17448,0.17432,0.17445,586504.0
1742447280000,0.17444,0.17455,0.17439,0.17455,102963.0
1742447340000,0.17456,0.17458,0.17446,0.17453,176134.0
1742447400000,0.17452,0.17452,0.17445,0.17446,36961.0
1742447460000,0.17446,0.17446,0.17441,0.17443,88528.0
1742447520000,0.17443,0.17451,0.17439,0.17449,88678.0
1742447580000,0.1745,0.17468,0.1745,0.17463,93196.0
1742447640000,0.17463,0.17471,0.17456,0.17471,778746.0
1742447700000,0.17471,0.17476,0.17455,0.17455,104661.0
1742447760000,0.17455,0.17455,0.1745,0.17452,42487.0
1742447820000,0.17452,0.17455,0.17428,0.17428,83603.0
1742447880000,0.17429,0.17429,0.17418,0.17423,78621.0
1742447940000,0.17423,0.17426,0.17418,0.17425,654140.0
1742448000000,0.17425,0.17434,0.17425,0.1743,65024.0
1742448060000,0.1743,0.17436,0.17418,0.17432,101389.0
1742448120000,0.17431,0.17431,0.17389,0.17389,603203.0
1742448180000,0.17389,0.17403,0.17387,0.17397,285396.0
1742448240000,0.17398,0.17408,0.17397,0.17407,56882.0
1742448300000,0.17407,0.17407,0.17383,0.17383,375277.0
1742448360000,0.17383,0.17391,0.17381,0.17386,1683254.0
1742448420000,0.17386,0.17389,0.17364,0.17365,437202.0
1742448480000,0.17365,0.17371,0.17361,0.17371,143458.0
1742448540000,0.17372,0.17372,0.17365,0.17366,59156.0
1742448600000,0.17366,0.17383,0.17358,0.17383,342834.0
1742448660000,0.17383,0.17394,0.1738,0.17391,133075.0
1742448720000,0.17391,0.17397,0.17389,0.17397,472892.0
1742448780000,0.17397,0.17397,0.17366,0.17367,260906.0
1742448840000,0.17368,0.17396,0.17368,0.17395,254322.0
1742448900000,0.17395,0.17396,0.17382,0.17383,79862.0
1742448960000,0.17383,0.17403,0.17383,0.17403,315678.0
1742449020000,0.17402,0.1741,0.17398,0.17404,90137.0
1742449080000,0.17403,0.17403,0.17399,0.17401,36660.0
1742449140000,0.17402,0.17413,0.17398,0.17413,132948.0
1742449200000,0.17413,0.17422,0.1741,0.17418,181040.0
1742449260000,0.17417,0.1742,0.1741,0.1741,295675.0
1742449320000,0.17409,0.17412,0.17401,0.17404,182170.0
1742449380000,0.17405,0.17409,0.17401,0.17403,62149.0
1742449440000,0.17402,0.17403,0.17392,0.17392,155687.0
1742449500000,0.17393,0.17399,0.17393,0.17398,356289.0
1742449560000,0.17398,0.17402,0.17381,0.17394,371132.0
1742449620000,0.17393,0.17393,0.17365,0.17387,388497.0
1742449680000,0.17387,0.17399,0.17383,0.17397,124439.0
1742449740000,0.17397,0.17413,0.17396,0.17404,275729.0
1742449800000,0.17403,0.1741,0.17403,0.17409,360245.0
1742449860000,0.17409,0.17431,0.17409,0.1742,150077.0
1742449920000,0.1742,0.1743,0.17406,0.17429,832327.0
1742449980000,0.17428,0.17428,0.17421,0.17424,1093342.0
1742450040000,0.17423,0.17432,0.17423,0.1743,108863.0
1742450100000,0.17431,0.17431,0.17424,0.17426,157442.0
1742450160000,0.17427,0.17436,0.17427,0.17433,117184.0
1742450220000,0.17433,0.17455,0.17432,0.17454,223105.0
1742450280000,0.17454,0.17455,0.17439,0.1744,244077.0
1742450340000,0.1744,0.17446,0.17438,0.17438,392933.0
1742450400000,0.17438,0.17448,0.1743,0.17435,190519.0
1742450460000,0.17435,0.17443,0.1743,0.1744,97588.0
1742450520000,0.1744,0.17456,0.1744,0.17446,178536.0
1742450580000,0.17447,0.17454,0.17442,0.17452,102063.0
1742450640000,0.17453,0.17453,0.17441,0.17447,276727.0
1742450700000,0.17446,0.17469,0.17443,0.17467,387868.0
1742450760000,0.17468,0.17473,0.1746,0.17463,336475.0
1742450820000,0.17463,0.17472,0.1745,0.17459,276352.0
1742450880000,0.17459,0.17462,0.17453,0.17462,194579.0
1742450940000,0.17461,0.17465,0.17451,0.1746,185278.0
1742451000000,0.17461,0.17468,0.1746,0.1746,124591.0
1742451060000,0.17459,0.17459,0.17451,0.17454,93486.0
1742451120000,0.17455,0.17471,0.17455,0.17469,158918.0
1742451180000,0.17469,0.17492,0.17468,0.17489,283756.0
1742451240000,0.17489,0.17489,0.17481,0.17481,98110.0
1742451300000,0.17482,0.17483,0.17477,0.17483,552025.0
1742451360000,0.17483,0.175,0.17483,0.17491,302337.0
1742451420000,0.1749,0.17491,0.17479,0.17479,87913.0
1742451480000,0.17479,0.17486,0.17471,0.1748,155198.0
1742451540000,0.1748,0.1748,0.17467,0.17468,189960.0
1742451600000,0.17468,0.1747,0.17458,0.17466,2105172.0
1742451660000,0.17466,0.17498,0.17466,0.17497,192573.0
1742451720000,0.17498,0.17525,0.17498,0.17515,583958.0
1742451780000,0.17515,0.1752,0.17509,0.17518,142542.0
1742451840000,0.17517,0.17525,0.17517,0.1752,108950.0
1742451900000,0.1752,0.1752,0.17506,0.17506,149293.0
1742451960000,0.17505,0.17511,0.17498,0.17507,84545.0
1742452020000,0.17508,0.17511,0.17503,0.17511,60330.0
1742452080000,0.17511,0.17513,0.17491,0.17501,109544.0
1742452140000,0.17501,0.17501,0.17486,0.17487,64228.0
1742452200000,0.17486,0.17487,0.17478,0.17483,133583.0
1742452260000,0.17483,0.175,0.17483,0.175,171602.0
1742452320000,0.175,0.17505,0.17496,0.17497,203705.0
1742452380000,0.17497,0.175,0.17482,0.17485,325199.0
1742452440000,0.17485,0.17488,0.17474,0.17475,163892.0
1742452500000,0.17474,0.17474,0.17457,0.17464,472260.0
1742452560000,0.17464,0.1747,0.17459,0.1747,136378.0
1742452620000,0.17469,0.17474,0.1746,0.1746,85885.0
1742452680000,0.17459,0.17459,0.17447,0.17448,258813.0
1742452740000,0.17447,0.17453,0.1744,0.17447,138789.0
1742452800000,0.17447,0.1745,0.17437,0.17437,329393.0
1742452860000,0.17439,0.17445,0.17434,0.17435,79865.0
1742452920000,0.17435,0.17438,0.17417,0.1742,353695.0
1742452980000,0.17419,0.1743,0.17419,0.17429,102806.0
1742453040000,0.17428,0.17441,0.17424,0.17441,152680.0
1742453100000,0.17441,0.17446,0.17431,0.17432,142237.0
1742453160000,0.17433,0.17448,0.17433,0.17445,1734639.0
1742453220000,0.17444,0.17454,0.17441,0.17445,81944.0
1742453280000,0.17445,0.17453,0.17442,0.17449,47959.0
1742453340000,0.17449,0.17453,0.17442,0.17448,71550.0
1742453400000,0.17449,0.17462,0.17449,0.17462,138710.0
1742453460000,0.17461,0.17462,0.17446,0.17446,586599.0
1742453520000,0.17447,0.17457,0.17447,0.1745,89931.0
1742453580000,0.1745,0.17467,0.17446,0.17467,139879.0
1742453640000,0.17467,0.17471,0.17465,0.17469,157894.0
1742453700000,0.17469,0.17469,0.1746,0.17463,72407.0
1742453760000,0.17463,0.17469,0.17462,0.17468,72259.0
1742453820000,0.17468,0.17474,0.17468,0.17471,357327.0
1742453880000,0.1747,0.17483,0.1747,0.17473,457735.0
1742453940000,0.17473,0.17475,0.17461,0.17461,115962.0
1742454000000,0.17461,0.17466,0.17446,0.17465,186973.0
1742454060000,0.17466,0.17471,0.17457,0.1746,117886.0
1742454120000,0.1746,0.17472,0.17458,0.17471,45155.0
1742454180000,0.17471,0.17471,0.17454,0.17454,197431.0
1742454240000,0.17454,0.17456,0.17437,0.17437,102029.0
1742454300000,0.17438,0.17439,0.17421,0.17421,289209.0
1742454360000,0.17421,0.17431,0.1742,0.17427,103462.0
1742454420000,0.17427,0.17444,0.17422,0.17441,127000.0
1742454480000,0.17441,0.17448,0.1744,0.17444,388327.0
1742454540000,0.17444,0.17459,0.17439,0.17459,103381.0
1742454600000,0.17459,0.17475,0.17459,0.17474,106454.0
1742454660000,0.17475,0.17479,0.17473,0.17478,78998.0
1742454720000,0.17478,0.17486,0.17477,0.17484,374547.0
1742454780000,0.17484,0.17485,0.17479,0.17485,135959.0
1742454840000,0.17485,0.17505,0.17485,0.17497,824282.0
1742454900000,0.17498,0.17504,0.17491,0.17492,237677.0
1742454960000,0.17491,0.17492,0.17477,0.17482,232912.0
1742455020000,0.17482,0.17485,0.17465,0.17477,329012.0
1742455080000,0.17477,0.17487,0.17458,0.17459,375267.0
1742455140000,0.17458,0.17459,0.17444,0.17444,264678.0
1742455200000,0.17444,0.17445,0.17436,0.1744,138883.0
1742455260000,0.1744,0.17445,0.17438,0.17445,71004.0
1742455320000,0.17445,0.1745,0.17441,0.17441,27881.0
1742455380000,0.17441,0.17441,0.17426,0.1743,183675.0
1742455440000,0.17429,0.17432,0.17427,0.17429,38430.0
1742455500000,0.17429,0.17431,0.17413,0.17414,116974.0
1742455560000,0.17414,0.17417,0.17408,0.17408,123158.0
1742455620000,0.17408,0.17408,0.174,0.174,542772.0
1742455680000,0.17401,0.17413,0.174,0.17413,118307.0
1742455740000,0.17412,0.17416,0.1741,0.17411,66722.0
1742455800000,0.17412,0.17413,0.17385,0.17397,457563.0
1742455860000,0.17396,0.17408,0.17384,0.17405,562085.0
1742455920000,0.17406,0.17422,0.17406,0.17407,1321490.0
1742455980000,0.17407,0.17424,0.17405,0.17422,179095.0
1742456040000,0.17421,0.17423,0.17414,0.17422,186869.0
1742456100000,0.17423,0.17424,0.17409,0.17413,147599.0
1742456160000,0.17412,0.17425,0.17402,0.17425,115439.0
1742456220000,0.17424,0.17431,0.17416,0.17421,73795.0
1742456280000,0.17421,0.17422,0.17411,0.17411,391373.0
1742456340000,0.17411,0.1742,0.17404,0.1742,335298.0
1742456400000,0.1742,0.1743,0.17413,0.1743,766811.0
1742456460000,0.1743,0.17435,0.17414,0.17418,839813.0
1742456520000,0.17419,0.17424,0.1741,0.17421,523836.0
1742456580000,0.1742,0.17424,0.17413,0.17417,179749.0
1742456640000,0.17416,0.17418,0.17412,0.17412,176928.0
1742456700000,0.17412,0.17434,0.17412,0.17418,185229.0
1742456760000,0.17417,0.17435,0.17415,0.17435,134220.0
1742456820000,0.17435,0.1745,0.17435,0.17448,146364.0
1742456880000,0.17449,0.17452,0.17446,0.17447,132100.0
1742456940000,0.17447,0.17454,0.17447,0.17452,172266.0
1742457000000,0.17451,0.17451,0.17442,0.17443,58592.0
1742457060000,0.17443,0.17461,0.17443,0.17457,71695.0
1742457120000,0.17457,0.17468,0.17455,0.17468,33085.0
1742457180000,0.17467,0.17468,0.1746,0.17465,56021.0
1742457240000,0.17464,0.17464,0.17441,0.17442,102728.0
1742457300000,0.17442,0.17442,0.17423,0.17428,93216.0
1742457360000,0.17429,0.1743,0.17424,0.17429,181635.0
1742457420000,0.1743,0.17465,0.17425,0.17458,2967122.0
1742457480000,0.17459,0.17459,0.1743,0.17436,587634.0
1742457540000,0.17436,0.17436,0.17416,0.17421,116371.0
1742457600000,0.17422,0.17433,0.17417,0.17432,211916.0
1742457660000,0.17432,0.17438,0.17422,0.17435,436263.0
1742457720000,0.17435,0.17435,0.17418,0.17418,87825.0
1742457780000,0.17419,0.17419,0.17401,0.17404,363426.0
1742457840000,0.17404,0.17415,0.174,0.17415,1291901.0
1742457900000,0.17415,0.17423,0.17382,0.17386,1143212.0
1742457960000,0.17386,0.17393,0.17384,0.17386,234737.0
1742458020000,0.17385,0.17385,0.17362,0.17363,227132.0
1742458080000,0.17364,0.17375,0.17362,0.17374,132844.0
1742458140000,0.17374,0.17379,0.1736,0.17363,630644.0
1742458200000,0.17363,0.17375,0.17346,0.17374,761982.0
1742458260000,0.17373,0.17376,0.17365,0.17369,79241.0
1742458320000,0.1737,0.17377,0.17367,0.17371,211850.0
1742458380000,0.17372,0.1738,0.17371,0.17374,138933.0
1742458440000,0.17374,0.1742,0.17374,0.17411,1479917.0
1742458500000,0.17412,0.17436,0.17406,0.1743,363213.0
1742458560000,0.1743,0.17432,0.1742,0.17426,271851.0
1742458620000,0.17427,0.17446,0.17424,0.17445,331430.0
1742458680000,0.17445,0.17445,0.17434,0.17445,110861.0
1742458740000,0.17446,0.17461,0.17446,0.17455,141860.0
1742458800000,0.17455,0.17472,0.17455,0.17467,193039.0
1742458860000,0.17468,0.17468,0.17459,0.17468,872138.0
1742458920000,0.17468,0.1749,0.17467,0.17484,437248.0
1742458980000,0.17484,0.17493,0.17473,0.17473,397189.0
1742459040000,0.17474,0.17481,0.17467,0.17468,378686.0
1742459100000,0.17468,0.17478,0.17468,0.17473,206382.0
1742459160000,0.17473,0.17482,0.17469,0.1748,167617.0
1742459220000,0.17479,0.17489,0.17479,0.17485,70398.0
1742459280000,0.17485,0.17492,0.17471,0.17477,116158.0
1742459340000,0.17478,0.17486,0.17478,0.1748,88797.0
1742459400000,0.17481,0.17481,0.17464,0.17465,177847.0
1742459460000,0.17465,0.17471,0.17451,0.17461,1320228.0
1742459520000,0.17461,0.17466,0.17455,0.17465,41729.0
1742459580000,0.17464,0.1747,0.17449,0.17467,167263.0
1742459640000,0.17467,0.17487,0.17467,0.17486,353661.0
1742459700000,0.17487,0.17491,0.1748,0.17481,93175.0
1742459760000,0.17481,0.17509,0.17479,0.17506,207028.0
1742459820000,0.17507,0.17517,0.17506,0.1751,256861.0
1742459880000,0.1751,0.17513,0.17503,0.17509,228905.0
1742459940000,0.17508,0.17511,0.17501,0.1751,303954.0
1742460000000,0.17509,0.17509,0.17488,0.17489,147604.0
1742460060000,0.1749,0.17508,0.1749,0.17506,159187.0
1742460120000,0.17507,0.17519,0.17507,0.17512,314069.0
1742460180000,0.17512,0.17516,0.17507,0.17513,334762.0
1742460240000,0.17512,0.17517,0.1751,0.17512,727467.0
1742460300000,0.17512,0.1752,0.17505,0.17518,569181.0
1742460360000,0.17519,0.17556,0.17518,0.17544,1039321.0
1742460420000,0.17545,0.17554,0.17537,0.1755,603632.0
1742460480000,0.17551,0.17556,0.17537,0.17554,369194.0
1742460540000,0.17554,0.17578,0.17554,0.17572,650198.0
1742460600000,0.17572,0.17573,0.17555,0.17561,679961.0
1742460660000,0.17562,0.176,0.17562,0.17595,526738.0
1742460720000,0.17595,0.176,0.17584,0.17584,257479.0
1742460780000,0.17583,0.17587,0.17578,0.17578,339454.0
1742460840000,0.17579,0.17595,0.17579,0.17595,390444.0
1742460900000,0.17595,0.17599,0.17587,0.17597,374764.0
1742460960000,0.17597,0.1761,0.17591,0.17601,721119.0
1742461020000,0.17601,0.17619,0.17588,0.17608,615734.0
1742461080000,0.17607,0.17623,0.17604,0.17612,509134.0
1742461140000,0.17612,0.17613,0.17593,0.17595,1913400.0
1742461200000,0.17595,0.17603,0.1759,0.176,219681.0
1742461260000,0.176,0.176,0.17578,0.1758,212313.0
1742461320000,0.17579,0.17586,0.17561,0.17562,312870.0
1742461380000,0.17562,0.17567,0.1756,0.17561,109439.0
1742461440000,0.17561,0.17562,0.17552,0.17555,137060.0
1742461500000,0.17554,0.17562,0.17547,0.17547,364557.0
1742461560000,0.17548,0.17559,0.17547,0.17558,113733.0
1742461620000,0.17558,0.17558,0.17535,0.17535,193541.0
1742461680000,0.17536,0.17542,0.17525,0.17541,420590.0
1742461740000,0.17542,0.17542,0.17525,0.17528,170775.0
1742461800000,0.17529,0.17535,0.17525,0.17532,60293.0
1742461860000,0.17531,0.17532,0.17523,0.17524,254965.0
1742461920000,0.17525,0.17526,0.17516,0.17516,222972.0
1742461980000,0.17517,0.17539,0.17516,0.17537,335987.0
1742462040000,0.17537,0.17538,0.17521,0.17522,159225.0
1742462100000,0.17522,0.17525,0.17514,0.17515,820875.0
1742462160000,0.17514,0.17516,0.17492,0.17493,481526.0
1742462220000,0.17493,0.17494,0.17486,0.17491,377947.0
1742462280000,0.17491,0.17497,0.17486,0.17489,160648.0
1742462340000,0.17489,0.17511,0.17488,0.17499,945458.0
1742462400000,0.17499,0.17503,0.17492,0.17493,610384.0
1742462460000,0.17494,0.17494,0.17472,0.17477,369784.0
1742462520000,0.17477,0.17484,0.17473,0.17483,186655.0
1742462580000,0.17484,0.17489,0.1748,0.17481,155012.0
1742462640000,0.1748,0.1748,0.17462,0.17463,447379.0
1742462700000,0.17464,0.17464,0.1744,0.1744,832126.0
1742462760000,0.17441,0.17459,0.17439,0.17459,246715.0
1742462820000,0.1746,0.1746,0.17449,0.1745,102109.0
1742462880000,0.17449,0.1745,0.17434,0.17435,303547.0
1742462940000,0.17436,0.17442,0.17435,0.17436,190030.0
1742463000000,0.17437,0.17442,0.17436,0.17441,171970.0
1742463060000,0.1744,0.17441,0.17422,0.17436,398587.0
1742463120000,0.17436,0.17453,0.17432,0.17442,209812.0
1742463180000,0.17441,0.1747,0.17438,0.17469,197176.0
1742463240000,0.17469,0.1747,0.17453,0.17467,102074.0
1742463300000,0.17468,0.17479,0.17467,0.17473,94256.0
1742463360000,0.17472,0.17472,0.17454,0.17465,410033.0
1742463420000,0.17464,0.17481,0.17462,0.17473,261711.0
1742463480000,0.17473,0.17479,0.1747,0.17478,88094.0
1742463540000,0.17477,0.17477,0.17466,0.17469,110529.0
1742463600000,0.17469,0.17471,0.1746,0.1747,280406.0
1742463660000,0.17471,0.17471,0.17461,0.17463,36691.0
1742463720000,0.17464,0.17466,0.17459,0.17466,65359.0
1742463780000,0.17466,0.17476,0.17463,0.17476,63880.0
1742463840000,0.17476,0.17484,0.17476,0.17479,295477.0
1742463900000,0.1748,0.17481,0.17472,0.17475,70287.0
1742463960000,0.17476,0.17494,0.17473,0.17491,165627.0
1742464020000,0.17491,0.17491,0.17475,0.17476,151607.0
1742464080000,0.17477,0.17479,0.17469,0.17471,109055.0
1742464140000,0.17471,0.1748,0.1747,0.1747,33715.0
1742464200000,0.17471,0.17475,0.17465,0.17465,195969.0
1742464260000,0.17465,0.17471,0.17458,0.17469,434943.0
1742464320000,0.1747,0.17471,0.17442,0.17442,560526.0
1742464380000,0.17442,0.17442,0.17426,0.17431,646777.0
1742464440000,0.17432,0.17432,0.17422,0.17425,389581.0
1742464500000,0.17425,0.17426,0.17412,0.17413,557492.0
1742464560000,0.17413,0.17415,0.17401,0.17413,595653.0
1742464620000,0.17414,0.17421,0.17396,0.17396,424324.0
1742464680000,0.17397,0.17414,0.17394,0.17414,213126.0
1742464740000,0.17414,0.17423,0.17409,0.17422,83425.0
1742464800000,0.17422,0.17433,0.174,0.17433,424516.0
1742464860000,0.17432,0.17432,0.17419,0.17419,205901.0
1742464920000,0.17419,0.17435,0.17418,0.17431,63576.0
1742464980000,0.1743,0.1743,0.17381,0.17383,548345.0
1742465040000,0.17383,0.17383,0.17368,0.17375,552247.0
1742465100000,0.17374,0.17386,0.1735,0.17357,412589.0
1742465160000,0.17356,0.17369,0.17348,0.17348,758033.0
1742465220000,0.17348,0.1736,0.17331,0.17346,858573.0
1742465280000,0.17346,0.17348,0.17331,0.1734,430890.0
1742465340000,0.17341,0.17345,0.17309,0.17324,1442837.0
1742465400000,0.17324,0.17326,0.17285,0.17297,1832536.0
1742465460000,0.17297,0.17298,0.1726,0.17293,1368188.0
1742465520000,0.17292,0.17292,0.17262,0.17272,574722.0
1742465580000,0.17272,0.17272,0.17237,0.17252,1066755.0
1742465640000,0.17251,0.1729,0.17251,0.17272,4087599.0
1742465700000,0.17272,0.1729,0.17217,0.17221,3831381.0
1742465760000,0.1722,0.17232,0.17205,0.17205,747446.0
1742465820000,0.17205,0.17207,0.17151,0.17163,3806506.0
1742465880000,0.17163,0.17181,0.17151,0.17179,1237066.0
1742465940000,0.17179,0.17184,0.17131,0.17154,2043299.0
1742466000000,0.17154,0.17155,0.17101,0.17109,1678158.0
1742466060000,0.17109,0.17147,0.17095,0.17131,3499549.0
1742466120000,0.17131,0.17161,0.17128,0.17139,893138.0
1742466180000,0.17139,0.1716,0.17116,0.17158,318387.0
1742466240000,0.17157,0.17191,0.17149,0.17174,2336924.0
1742466300000,0.17174,0.17175,0.17146,0.17147,617965.0
1742466360000,0.17146,0.17177,0.1714,0.17158,1021168.0
1742466420000,0.17159,0.17175,0.17147,0.17147,416097.0
1742466480000,0.17147,0.17173,0.17134,0.17159,813051.0
1742466540000,0.17158,0.17171,0.17146,0.17167,568767.0
1742466600000,0.17167,0.17172,0.1713,0.17137,634475.0
1742466660000,0.17137,0.17142,0.17127,0.17137,369821.0
1742466720000,0.17138,0.1717,0.17137,0.17169,1649482.0
1742466780000,0.17169,0.17191,0.17159,0.17176,1567621.0
1742466840000,0.17176,0.17195,0.1717,0.1719,975686.0
1742466900000,0.17191,0.17192,0.17138,0.17145,426141.0
1742466960000,0.17146,0.17149,0.1713,0.17144,340295.0
1742467020000,0.17144,0.17187,0.17139,0.17155,538754.0
1742467080000,0.17156,0.1716,0.1714,0.17155,336904.0
1742467140000,0.17154,0.17165,0.17142,0.1715,190936.0
1742467200000,0.1715,0.17163,0.17141,0.17144,239794.0
1742467260000,0.17144,0.17184,0.17144,0.17183,1228841.0
1742467320000,0.17183,0.17184,0.17157,0.17165,716947.0
1742467380000,0.17164,0.17164,0.17148,0.17159,139455.0
1742467440000,0.1716,0.1717,0.17153,0.1717,211321.0
1742467500000,0.17171,0.17187,0.1717,0.17187,516304.0
1742467560000,0.17188,0.17196,0.17165,0.17171,585876.0
1742467620000,0.17171,0.17194,0.1716,0.17186,321969.0
1742467680000,0.17186,0.17186,0.17168,0.17171,294034.0
1742467740000,0.17171,0.17175,0.17156,0.17171,239396.0
1742467800000,0.17171,0.17171,0.17155,0.17161,308276.0
1742467860000,0.1716,0.17163,0.17145,0.17148,517234.0
1742467920000,0.17148,0.17149,0.17132,0.17138,1390096.0
1742467980000,0.17138,0.17148,0.17138,0.17144,106332.0
1742468040000,0.17143,0.17153,0.17137,0.17153,156105.0
1742468100000,0.17153,0.17156,0.17141,0.17141,202706.0
1742468160000,0.17141,0.17159,0.17137,0.17156,268379.0
1742468220000,0.17157,0.17159,0.17142,0.17143,149960.0
1742468280000,0.17143,0.17167,0.17143,0.17161,279473.0
1742468340000,0.17161,0.17161,0.17144,0.17145,215551.0
1742468400000,0.17145,0.1717,0.17141,0.17166,130349.0
1742468460000,0.17166,0.1718,0.17155,0.1718,420027.0
1742468520000,0.1718,0.17189,0.17169,0.1717,258333.0
1742468580000,0.1717,0.17173,0.1715,0.17171,191103.0
1742468640000,0.17171,0.17181,0.17167,0.17177,72222.0
1742468700000,0.17178,0.17178,0.17151,0.17161,505738.0
1742468760000,0.17161,0.17176,0.17156,0.1716,184342.0
1742468820000,0.17161,0.17162,0.17141,0.17145,214410.0
1742468880000,0.17144,0.17144,0.17129,0.17142,541188.0
1742468940000,0.17143,0.17163,0.17143,0.17156,196720.0
1742469000000,0.17156,0.17156,0.17133,0.17148,370026.0
1742469060000,0.17147,0.17161,0.17137,0.17152,123058.0
1742469120000,0.17153,0.1716,0.17149,0.17156,248934.0
1742469180000,0.17156,0.17164,0.17147,0.17156,123731.0
1742469240000,0.17155,0.17165,0.17154,0.17163,97423.0
1742469300000,0.17164,0.1719,0.17158,0.17179,576667.0
1742469360000,0.1718,0.17193,0.17166,0.17184,741510.0
1742469420000,0.17183,0.17187,0.17172,0.17181,214215.0
1742469480000,0.17181,0.17195,0.17175,0.17188,189286.0
1742469540000,0.17188,0.17191,0.17171,0.17174,153163.0
1742469600000,0.17174,0.1719,0.17172,0.1719,98190.0
1742469660000,0.17191,0.17199,0.17172,0.17173,372458.0
1742469720000,0.17172,0.17173,0.17161,0.17166,180402.0
1742469780000,0.17165,0.17166,0.17154,0.17162,107166.0
1742469840000,0.17163,0.17171,0.17162,0.17169,217136.0
1742469900000,0.1717,0.17178,0.1717,0.17178,129109.0
1742469960000,0.17178,0.17179,0.17168,0.17179,307822.0
1742470020000,0.17179,0.17194,0.17178,0.17181,197396.0
1742470080000,0.17182,0.17187,0.1718,0.17181,162917.0
1742470140000,0.1718,0.17195,0.1718,0.17195,181696.0
1742470200000,0.17194,0.17208,0.17188,0.17203,1033773.0
1742470260000,0.17203,0.17213,0.17201,0.17203,359502.0
1742470320000,0.17202,0.17208,0.1719,0.17208,365151.0
1742470380000,0.17209,0.17218,0.17207,0.17213,517872.0
1742470440000,0.17214,0.1723,0.17211,0.17226,450031.0
1742470500000,0.17225,0.17227,0.17205,0.17206,506240.0
1742470560000,0.17207,0.17212,0.17192,0.17195,432987.0
1742470620000,0.17194,0.17214,0.17194,0.1721,439926.0
1742470680000,0.17211,0.1723,0.17209,0.1723,223669.0
1742470740000,0.1723,0.17232,0.17218,0.17225,625845.0
1742470800000,0.17226,0.1724,0.17226,0.17236,435245.0
1742470860000,0.17236,0.17254,0.17233,0.1725,330559.0
1742470920000,0.17249,0.17252,0.17242,0.17246,116123.0
1742470980000,0.17247,0.17249,0.17238,0.17238,172031.0
1742471040000,0.17239,0.17242,0.17236,0.17237,539017.0
1742471100000,0.17237,0.17237,0.17219,0.1722,192876.0
1742471160000,0.1722,0.1722,0.17208,0.17217,143925.0
1742471220000,0.17218,0.17219,0.17207,0.17207,177857.0
1742471280000,0.17206,0.17223,0.17206,0.1722,183901.0
1742471340000,0.17221,0.17223,0.17217,0.17217,159384.0
1742471400000,0.17218,0.1722,0.17197,0.17203,306220.0
1742471460000,0.17203,0.17209,0.17197,0.17208,621046.0
1742471520000,0.17208,0.17208,0.1719,0.1719,129060.0
1742471580000,0.17191,0.17208,0.1719,0.17207,136886.0
1742471640000,0.17207,0.1721,0.17201,0.17203,393324.0
1742471700000,0.17203,0.17208,0.17193,0.17196,184115.0
1742471760000,0.17195,0.17208,0.17194,0.17198,136355.0
1742471820000,0.17199,0.17202,0.17194,0.17194,99058.0
1742471880000,0.17193,0.17194,0.1719,0.17191,70899.0
1742471940000,0.1719,0.17205,0.17186,0.17203,110815.0
1742472000000,0.17202,0.17204,0.17174,0.1718,397309.0
1742472060000,0.17181,0.17202,0.17181,0.17187,780391.0
1742472120000,0.17186,0.17195,0.17177,0.1719,257739.0
1742472180000,0.17189,0.17189,0.17162,0.17163,527979.0
1742472240000,0.17164,0.17166,0.17161,0.17163,437297.0
1742472300000,0.17163,0.17179,0.17161,0.17176,93068.0
1742472360000,0.17177,0.17178,0.1716,0.1716,270544.0
1742472420000,0.1716,0.1716,0.17153,0.17158,254645.0
1742472480000,0.17158,0.17172,0.17158,0.17172,367652.0
1742472540000,0.17173,0.17179,0.17172,0.17179,47884.0
1742472600000,0.17179,0.17194,0.17172,0.17183,857376.0
1742472660000,0.17182,0.17184,0.17169,0.17172,118830.0
1742472720000,0.17173,0.17189,0.17173,0.17182,227493.0
1742472780000,0.17183,0.17197,0.17183,0.17195,185263.0
1742472840000,0.17195,0.17195,0.17185,0.1719,241059.0
1742472900000,0.17189,0.17189,0.17174,0.1718,159268.0
1742472960000,0.1718,0.17194,0.17177,0.17182,266546.0
1742473020000,0.17182,0.17204,0.1718,0.17204,460921.0
1742473080000,0.17204,0.1723,0.17203,0.1723,347983.0
1742473140000,0.17229,0.17235,0.17223,0.17229,140767.0
1742473200000,0.1723,0.17242,0.17229,0.1723,255490.0
1742473260000,0.1723,0.17234,0.17225,0.17229,247043.0
1742473320000,0.1723,0.17237,0.17223,0.17237,752552.0
1742473380000,0.17237,0.1724,0.17231,0.17235,940625.0
1742473440000,0.17235,0.17238,0.17223,0.17223,478344.0
1742473500000,0.17224,0.17224,0.17213,0.17215,476830.0
1742473560000,0.17215,0.1722,0.17215,0.17216,62114.0
1742473620000,0.17216,0.1722,0.17209,0.17216,112510.0
1742473680000,0.17217,0.17219,0.172,0.17201,147431.0
1742473740000,0.17201,0.17206,0.17198,0.17203,235704.0
1742473800000,0.17204,0.17219,0.17194,0.17199,254724.0
1742473860000,0.172,0.17223,0.172,0.17223,120575.0
1742473920000,0.17223,0.17236,0.17219,0.17236,125262.0
1742473980000,0.17235,0.17239,0.17231,0.17238,143799.0
1742474040000,0.17239,0.17239,0.17224,0.17226,130702.0
1742474100000,0.17225,0.17226,0.17215,0.17226,163104.0
1742474160000,0.17225,0.17228,0.17212,0.1722,135357.0
1742474220000,0.1722,0.17242,0.1722,0.17229,196722.0
1742474280000,0.17228,0.17229,0.17206,0.17206,128632.0
1742474340000,0.17207,0.17218,0.17203,0.17218,180854.0
1742474400000,0.17218,0.17227,0.17218,0.17226,65918.0
1742474460000,0.17226,0.17232,0.17216,0.17229,90762.0
1742474520000,0.1723,0.1723,0.1721,0.1721,651600.0
1742474580000,0.17211,0.17219,0.17196,0.17219,237049.0
1742474640000,0.1722,0.17226,0.17213,0.17226,142504.0
1742474700000,0.17225,0.17225,0.17213,0.17214,256975.0
1742474760000,0.17213,0.17214,0.17203,0.17214,303117.0
1742474820000,0.17214,0.17226,0.17213,0.17213,116182.0
1742474880000,0.17212,0.1722,0.17201,0.17219,79594.0
1742474940000,0.17219,0.17229,0.17218,0.17228,125984.0
1742475000000,0.17228,0.17243,0.17225,0.17242,94031.0
1742475060000,0.17241,0.17246,0.17239,0.17241,55186.0
1742475120000,0.17241,0.17243,0.17234,0.17237,164161.0
1742475180000,0.17236,0.17266,0.17236,0.17263,128476.0
1742475240000,0.17263,0.17263,0.17255,0.1726,295055.0
1742475300000,0.1726,0.17265,0.17247,0.17265,195087.0
1742475360000,0.17265,0.17286,0.17264,0.17278,232770.0
1742475420000,0.17277,0.17277,0.17266,0.17267,121360.0
1742475480000,0.17267,0.17267,0.17258,0.17265,442324.0
1742475540000,0.17266,0.17269,0.17259,0.17259,1135454.0
1742475600000,0.17259,0.17262,0.17248,0.17249,128989.0
1742475660000,0.17249,0.17252,0.17232,0.17242,153313.0
1742475720000,0.17242,0.17251,0.1724,0.17242,148408.0
1742475780000,0.17243,0.17246,0.17241,0.17241,104563.0
1742475840000,0.17242,0.17247,0.17238,0.17247,160939.0
1742475900000,0.17247,0.17247,0.17221,0.17222,975371.0
1742475960000,0.17223,0.17224,0.17208,0.17213,225218.0
1742476020000,0.17213,0.17214,0.172,0.17213,751081.0
1742476080000,0.17213,0.17213,0.17186,0.17187,103944.0
1742476140000,0.17187,0.172,0.17187,0.172,213037.0
1742476200000,0.172,0.17201,0.17193,0.17196,46409.0
1742476260000,0.17196,0.172,0.17189,0.17199,536186.0
1742476320000,0.17199,0.17212,0.17196,0.1721,194739.0
1742476380000,0.1721,0.1721,0.172,0.17204,153139.0
1742476440000,0.17205,0.17207,0.17196,0.17199,157135.0
1742476500000,0.17199,0.172,0.17184,0.17185,374825.0
1742476560000,0.17185,0.17193,0.17181,0.17193,943678.0
1742476620000,0.17193,0.17196,0.17184,0.17184,128130.0
1742476680000,0.17184,0.17191,0.17181,0.17191,375753.0
1742476740000,0.17191,0.172,0.17189,0.17191,87655.0
1742476800000,0.1719,0.1719,0.17173,0.17173,322759.0
1742476860000,0.17173,0.17174,0.17154,0.17157,728299.0
1742476920000,0.17157,0.1716,0.17152,0.17153,147063.0
1742476980000,0.17152,0.17153,0.1714,0.17147,164196.0
1742477040000,0.17146,0.17156,0.17133,0.17152,284465.0
1742477100000,0.17152,0.1717,0.17152,0.17169,149194.0
1742477160000,0.17169,0.17169,0.17148,0.17148,282994.0
1742477220000,0.17148,0.17148,0.17135,0.17144,416489.0
1742477280000,0.17144,0.17145,0.17136,0.17143,293136.0
1742477340000,0.17142,0.17145,0.17134,0.17144,200849.0
1742477400000,0.17145,0.17155,0.1713,0.17151,530926.0
1742477460000,0.1715,0.17166,0.17129,0.17165,292079.0
1742477520000,0.17166,0.1719,0.17166,0.17182,160169.0
1742477580000,0.17181,0.17213,0.1718,0.17212,146220.0
1742477640000,0.17213,0.17223,0.17204,0.17207,110818.0
1742477700000,0.17207,0.17236,0.17204,0.17221,731887.0
1742477760000,0.17221,0.17233,0.17214,0.17226,217366.0
1742477820000,0.17225,0.17237,0.17192,0.17194,409083.0
1742477880000,0.17193,0.1723,0.17193,0.17217,342312.0
1742477940000,0.17217,0.17251,0.17217,0.17251,416792.0
1742478000000,0.17252,0.17262,0.1724,0.17254,231581.0
1742478060000,0.17254,0.17258,0.17241,0.17253,1268562.0
1742478120000,0.17253,0.17279,0.17243,0.17272,942295.0
1742478180000,0.17273,0.17285,0.17263,0.17267,407126.0
1742478240000,0.17267,0.17267,0.17239,0.17246,558176.0
1742478300000,0.17247,0.17291,0.17245,0.1729,267487.0
1742478360000,0.1729,0.17306,0.17272,0.17276,757078.0
1742478420000,0.17276,0.17291,0.17264,0.17264,203091.0
1742478480000,0.17263,0.17265,0.17247,0.17248,365106.0
1742478540000,0.17249,0.17263,0.17248,0.1725,1038303.0
1742478600000,0.17251,0.17251,0.17227,0.17228,661455.0
1742478660000,0.17228,0.17243,0.1719,0.17192,1187243.0
1742478720000,0.17192,0.17205,0.17162,0.17179,483932.0
1742478780000,0.17179,0.17191,0.17166,0.17188,443570.0
1742478840000,0.17187,0.17187,0.17173,0.17173,860028.0
1742478900000,0.17172,0.17172,0.1714,0.17149,289614.0
1742478960000,0.17149,0.17167,0.17148,0.17152,329204.0
1742479020000,0.17153,0.17171,0.17148,0.17168,501626.0
1742479080000,0.17167,0.17185,0.17166,0.17184,113919.0
1742479140000,0.17185,0.17197,0.17181,0.17196,159355.0
1742479200000,0.17195,0.17236,0.17188,0.17231,381338.0
1742479260000,0.1723,0.1724,0.17217,0.17228,331223.0
1742479320000,0.17228,0.17299,0.17226,0.17284,2187590.0
1742479380000,0.17284,0.17295,0.17268,0.17278,510850.0
1742479440000,0.17278,0.17294,0.17272,0.17273,895039.0
1742479500000,0.17272,0.17272,0.17243,0.1727,720330.0
1742479560000,0.1727,0.17302,0.17259,0.17301,1163085.0
1742479620000,0.17301,0.1734,0.17301,0.17337,3648735.0
1742479680000,0.17337,0.17337,0.17323,0.1733,711239.0
1742479740000,0.17329,0.17334,0.1731,0.1731,422981.0
1742479800000,0.17311,0.17313,0.17273,0.17283,1414606.0
1742479860000,0.17283,0.17313,0.17283,0.17287,250242.0
1742479920000,0.17286,0.17291,0.1727,0.17283,352024.0
1742479980000,0.17282,0.1729,0.17264,0.1729,257756.0
1742480040000,0.1729,0.17303,0.17287,0.17303,139635.0
1742480100000,0.17303,0.17309,0.17271,0.17299,829552.0
1742480160000,0.173,0.17357,0.17297,0.17357,625607.0
1742480220000,0.17357,0.17418,0.17356,0.17396,1951183.0
1742480280000,0.17395,0.17405,0.17377,0.17391,387696.0
1742480340000,0.1739,0.17409,0.17378,0.17403,948229.0
1742480400000,0.17403,0.17403,0.17363,0.17374,580250.0
1742480460000,0.17374,0.17378,0.17353,0.17356,446435.0
1742480520000,0.17356,0.17378,0.17356,0.17362,576591.0
1742480580000,0.17361,0.17386,0.17355,0.17378,1964850.0
1742480640000,0.17379,0.17397,0.17371,0.17397,369889.0
1742480700000,0.17396,0.17432,0.17393,0.17412,810748.0
1742480760000,0.17412,0.17422,0.17387,0.17419,632197.0
1742480820000,0.17418,0.17423,0.17396,0.17398,534906.0
1742480880000,0.17399,0.17408,0.17369,0.17369,864350.0
1742480940000,0.1737,0.1738,0.17365,0.17375,534043.0
1742481000000,0.17376,0.1738,0.17344,0.17346,551544.0
1742481060000,0.17346,0.17352,0.17328,0.17329,409709.0
1742481120000,0.17329,0.17348,0.17329,0.17347,642326.0
1742481180000,0.17348,0.17355,0.17313,0.17315,384348.0
1742481240000,0.17314,0.17322,0.17273,0.17279,1496118.0
1742481300000,0.1728,0.17311,0.17265,0.17307,1154772.0
1742481360000,0.17307,0.1732,0.17272,0.1732,602514.0
1742481420000,0.1732,0.17324,0.17303,0.17305,510003.0
1742481480000,0.17304,0.17338,0.17303,0.17337,142729.0
1742481540000,0.17337,0.17347,0.1731,0.1731,217888.0
1742481600000,0.17309,0.17316,0.17296,0.17307,258974.0
1742481660000,0.17307,0.17312,0.17291,0.17305,483718.0
1742481720000,0.17305,0.17335,0.17301,0.17327,795726.0
1742481780000,0.17326,0.17336,0.17312,0.17329,414866.0
1742481840000,0.17329,0.17339,0.17317,0.1732,237644.0
1742481900000,0.17321,0.17325,0.17301,0.17301,453579.0
1742481960000,0.173,0.17314,0.17292,0.17306,635772.0
1742482020000,0.17306,0.17332,0.173,0.17332,435425.0
1742482080000,0.17332,0.17373,0.17331,0.17372,1568793.0
1742482140000,0.17373,0.17377,0.17347,0.17358,408352.0
1742482200000,0.17358,0.17363,0.17311,0.1732,1846280.0
1742482260000,0.17319,0.17329,0.17308,0.17326,361114.0
1742482320000,0.17325,0.17334,0.17303,0.17309,243208.0
1742482380000,0.17309,0.17311,0.17288,0.17294,274532.0
1742482440000,0.17295,0.17309,0.17295,0.17301,249628.0
1742482500000,0.17301,0.1732,0.173,0.17315,450951.0
1742482560000,0.17316,0.17322,0.17299,0.17322,505580.0
1742482620000,0.17323,0.17336,0.17317,0.17326,308021.0
1742482680000,0.17326,0.17328,0.17306,0.17327,227766.0
1742482740000,0.17326,0.17351,0.17324,0.1735,292052.0
1742482800000,0.17351,0.17357,0.17298,0.17299,559810.0
1742482860000,0.17298,0.17298,0.17221,0.17231,1762524.0
1742482920000,0.17231,0.17237,0.17165,0.17166,1262869.0
1742482980000,0.17166,0.1717,0.17109,0.17165,3748777.0
1742483040000,0.17164,0.17194,0.17142,0.17167,1046936.0
1742483100000,0.17168,0.17213,0.17151,0.1721,707873.0
1742483160000,0.17211,0.17244,0.17188,0.17239,395963.0
1742483220000,0.17239,0.17256,0.17211,0.17239,601537.0
1742483280000,0.17238,0.17245,0.1722,0.17224,429041.0
1742483340000,0.17224,0.17275,0.17222,0.17259,300521.0
1742483400000,0.17258,0.1728,0.17238,0.17239,633903.0
1742483460000,0.17239,0.17276,0.17225,0.17259,376328.0
1742483520000,0.17259,0.17276,0.17247,0.17265,204933.0
1742483580000,0.17265,0.17278,0.17255,0.17257,389433.0
1742483640000,0.17258,0.17266,0.17235,0.17241,277567.0
1742483700000,0.17242,0.17245,0.17205,0.1722,458875.0
1742483760000,0.1722,0.17226,0.17194,0.17203,357779.0
1742483820000,0.17203,0.17203,0.1714,0.17141,1036773.0
1742483880000,0.17141,0.17174,0.17135,0.17167,434267.0
1742483940000,0.17166,0.17182,0.1714,0.17141,1266661.0
1742484000000,0.17141,0.17153,0.17126,0.17152,273901.0
1742484060000,0.17152,0.17152,0.17106,0.17107,465989.0
1742484120000,0.17107,0.17134,0.171,0.17133,1023847.0
1742484180000,0.17133,0.17171,0.17129,0.17167,347290.0
1742484240000,0.17167,0.17172,0.17154,0.17154,656284.0
1742484300000,0.17155,0.17159,0.17137,0.17151,367955.0
1742484360000,0.17151,0.17183,0.17151,0.17183,468956.0
1742484420000,0.17183,0.17197,0.17183,0.1719,289035.0
1742484480000,0.17191,0.17198,0.17159,0.1716,173745.0
1742484540000,0.1716,0.17177,0.17148,0.17174,268676.0
1742484600000,0.17174,0.17178,0.1713,0.1713,350485.0
1742484660000,0.1713,0.1713,0.17111,0.17123,590094.0
1742484720000,0.17122,0.17132,0.171,0.17121,544451.0
1742484780000,0.17122,0.17139,0.17102,0.17104,1464762.0
1742484840000,0.17104,0.17109,0.17062,0.17074,1892084.0
1742484900000,0.17074,0.1708,0.17016,0.17033,3279733.0
1742484960000,0.17033,0.17033,0.16985,0.16999,13414075.0
1742485020000,0.17,0.17025,0.16988,0.17008,4826209.0
1742485080000,0.17009,0.1703,0.16986,0.17025,1859513.0
1742485140000,0.17024,0.17025,0.16999,0.17017,684462.0
1742485200000,0.17018,0.17043,0.17012,0.17034,584274.0
1742485260000,0.17035,0.17041,0.1701,0.17027,405910.0
1742485320000,0.17026,0.17058,0.17026,0.17039,745154.0
1742485380000,0.17039,0.1705,0.17028,0.17028,320611.0
1742485440000,0.17027,0.17056,0.17022,0.17032,107360.0
1742485500000,0.17033,0.17049,0.17027,0.17042,365350.0
1742485560000,0.17041,0.17056,0.17022,0.1705,386290.0
1742485620000,0.17049,0.17078,0.17044,0.17064,1824084.0
1742485680000,0.17065,0.17071,0.17051,0.17051,983289.0
1742485740000,0.17052,0.17064,0.1703,0.17033,571801.0
1742485800000,0.17032,0.17038,0.17004,0.17035,587790.0
1742485860000,0.17034,0.17048,0.17021,0.17021,329586.0
1742485920000,0.17022,0.17022,0.16986,0.16997,1933542.0
1742485980000,0.16997,0.1701,0.16995,0.17,404763.0
1742486040000,0.16999,0.17016,0.16988,0.17006,468154.0
1742486100000,0.17005,0.17013,0.16977,0.17013,809255.0
1742486160000,0.17013,0.17016,0.16983,0.16986,892895.0
1742486220000,0.16986,0.16993,0.16963,0.16993,1981029.0
1742486280000,0.16992,0.16992,0.16969,0.16978,531673.0
1742486340000,0.16979,0.1698,0.16968,0.16972,526164.0
1742486400000,0.16971,0.17006,0.16945,0.17004,1459038.0
1742486460000,0.17004,0.17023,0.16998,0.17017,385334.0
1742486520000,0.17017,0.17022,0.17007,0.17009,205674.0
1742486580000,0.17009,0.17019,0.16998,0.17,775561.0
1742486640000,0.17,0.17046,0.1698,0.17014,4150178.0
1742486700000,0.17014,0.17018,0.16966,0.16973,446513.0
1742486760000,0.16972,0.16976,0.16944,0.16944,704894.0
1742486820000,0.16944,0.16991,0.16936,0.16977,1319589.0
1742486880000,0.16978,0.16984,0.1696,0.16984,186545.0
1742486940000,0.16985,0.1699,0.16973,0.16984,623767.0
1742487000000,0.16983,0.16986,0.16933,0.16933,582786.0
1742487060000,0.16933,0.16956,0.16916,0.16956,893343.0
1742487120000,0.16957,0.16958,0.1692,0.16924,478587.0
1742487180000,0.16925,0.16938,0.16919,0.16938,670892.0
1742487240000,0.16939,0.16944,0.16919,0.16927,278887.0
1742487300000,0.16928,0.16932,0.16905,0.16916,1412281.0
1742487360000,0.16916,0.16944,0.16899,0.16939,1842710.0
1742487420000,0.16939,0.16942,0.16899,0.16912,410265.0
1742487480000,0.16911,0.16961,0.16899,0.16956,910078.0
1742487540000,0.16957,0.16958,0.16934,0.16934,224307.0
1742487600000,0.16934,0.16937,0.16897,0.16906,354055.0
1742487660000,0.16905,0.16914,0.16892,0.16914,330766.0
1742487720000,0.16914,0.16935,0.16902,0.16932,461542.0
1742487780000,0.16931,0.16937,0.1691,0.16923,485965.0
1742487840000,0.16924,0.16932,0.16913,0.16918,278076.0
1742487900000,0.16918,0.1692,0.16892,0.16896,664014.0
1742487960000,0.16896,0.1693,0.16891,0.16927,765652.0
1742488020000,0.16927,0.16928,0.16884,0.16893,571097.0
1742488080000,0.16893,0.16894,0.1687,0.16874,981262.0
1742488140000,0.16874,0.16893,0.16861,0.16867,1304606.0
1742488200000,0.16867,0.16889,0.16847,0.16854,1514953.0
1742488260000,0.16855,0.16881,0.16828,0.16871,1983216.0
1742488320000,0.16871,0.16876,0.16848,0.16864,610716.0
1742488380000,0.16864,0.16867,0.16833,0.16847,899809.0
1742488440000,0.16847,0.16847,0.16797,0.16798,2102252.0
1742488500000,0.16799,0.16818,0.16785,0.16818,2025226.0
1742488560000,0.16818,0.1684,0.16797,0.16834,1202995.0
1742488620000,0.16835,0.16854,0.16829,0.16837,919304.0
1742488680000,0.16838,0.16859,0.16838,0.16848,423637.0
1742488740000,0.16849,0.16851,0.16822,0.1683,1170467.0
1742488800000,0.16831,0.16831,0.16788,0.1679,705401.0
1742488860000,0.1679,0.16796,0.16767,0.16778,2406229.0
1742488920000,0.16778,0.168,0.16762,0.16794,816709.0
1742488980000,0.16794,0.16797,0.16755,0.16761,2073174.0
1742489040000,0.16762,0.1679,0.16755,0.16771,1181235.0
1742489100000,0.16772,0.16775,0.1674,0.16748,2053264.0
1742489160000,0.16749,0.1675,0.16704,0.16714,2701763.0
1742489220000,0.16714,0.16724,0.167,0.1672,3800874.0
1742489280000,0.16719,0.16725,0.167,0.16725,1693640.0
1742489340000,0.16724,0.16724,0.16707,0.16713,1068233.0
1742489400000,0.16712,0.16724,0.167,0.16724,1507847.0
1742489460000,0.16725,0.16729,0.16661,0.16704,4495389.0
1742489520000,0.16703,0.16711,0.16685,0.16706,701842.0
1742489580000,0.16707,0.16714,0.16697,0.16699,435466.0
1742489640000,0.167,0.1674,0.167,0.16734,480088.0
1742489700000,0.16735,0.16744,0.16719,0.16723,1519131.0
1742489760000,0.16723,0.16737,0.16714,0.16736,457481.0
1742489820000,0.16736,0.16736,0.16721,0.1673,393123.0
1742489880000,0.1673,0.1673,0.16719,0.1672,292815.0
1742489940000,0.16719,0.16719,0.16711,0.16712,274655.0
1742490000000,0.16711,0.16725,0.1671,0.16721,856468.0
1742490060000,0.16721,0.16733,0.16711,0.16729,864571.0
1742490120000,0.16728,0.16731,0.1672,0.16729,876742.0
1742490180000,0.16728,0.16762,0.1672,0.16754,822172.0
1742490240000,0.16755,0.16776,0.16737,0.16768,1340863.0
1742490300000,0.16767,0.16772,0.16755,0.16763,880872.0
1742490360000,0.16762,0.16765,0.16756,0.16758,912090.0
1742490420000,0.16758,0.16787,0.16756,0.16779,1362925.0
1742490480000,0.16779,0.16809,0.16779,0.16803,942438.0
1742490540000,0.16804,0.16813,0.16801,0.16811,711731.0
1742490600000,0.16811,0.16816,0.16793,0.16793,634797.0
1742490660000,0.16793,0.16811,0.16793,0.16797,733889.0
1742490720000,0.16796,0.16821,0.16796,0.16805,574028.0
1742490780000,0.16805,0.16839,0.16799,0.16822,2354586.0
1742490840000,0.16822,0.1684,0.16822,0.16825,519077.0
1742490900000,0.16824,0.16837,0.16819,0.16821,464744.0
1742490960000,0.16822,0.16824,0.16793,0.16799,733898.0
1742491020000,0.16799,0.16804,0.16791,0.16795,428666.0
1742491080000,0.16794,0.16801,0.16788,0.16794,403925.0
1742491140000,0.16794,0.16808,0.16789,0.16808,341838.0
1742491200000,0.16809,0.16818,0.16786,0.16807,580234.0
1742491260000,0.16807,0.16807,0.16789,0.16795,592430.0
1742491320000,0.16795,0.16795,0.16777,0.16781,1572009.0
1742491380000,0.1678,0.16782,0.16772,0.16775,302539.0
1742491440000,0.16776,0.16781,0.16762,0.16766,206523.0
1742491500000,0.16765,0.16773,0.16745,0.16762,456348.0
1742491560000,0.16761,0.16763,0.16747,0.16751,1606879.0
1742491620000,0.1675,0.16751,0.16741,0.16746,1276398.0
1742491680000,0.16745,0.16745,0.16733,0.16739,595918.0
1742491740000,0.16739,0.1675,0.16735,0.16742,862349.0
1742491800000,0.16742,0.16754,0.16739,0.16754,282790.0
1742491860000,0.16754,0.16783,0.16754,0.16774,757572.0
1742491920000,0.16773,0.1678,0.16769,0.16776,292055.0
1742491980000,0.16776,0.16791,0.16768,0.16781,559921.0
1742492040000,0.1678,0.16793,0.16768,0.1679,243300.0
1742492100000,0.16789,0.16811,0.16788,0.16798,351025.0
1742492160000,0.16798,0.16813,0.16798,0.16813,202697.0
1742492220000,0.16812,0.16834,0.16812,0.16822,725206.0
1742492280000,0.16823,0.16831,0.16819,0.16831,370420.0
1742492340000,0.16831,0.16849,0.1683,0.16846,838307.0
1742492400000,0.16846,0.16853,0.16841,0.16844,549997.0
1742492460000,0.16843,0.16858,0.16838,0.16843,520757.0
1742492520000,0.16843,0.16852,0.16839,0.16848,234116.0
1742492580000,0.16848,0.16865,0.16846,0.16865,271472.0
1742492640000,0.16865,0.16872,0.16863,0.1687,325927.0
1742492700000,0.16869,0.16877,0.16858,0.16858,609385.0
1742492760000,0.16859,0.16878,0.16858,0.16874,286362.0
1742492820000,0.16875,0.16886,0.1687,0.16874,209662.0
1742492880000,0.16873,0.16877,0.16862,0.16862,120046.0
1742492940000,0.16861,0.16864,0.16851,0.16863,96401.0
1742493000000,0.16862,0.16866,0.16849,0.16855,254886.0
1742493060000,0.16855,0.16855,0.16844,0.16844,409899.0
1742493120000,0.16844,0.16848,0.16827,0.16831,1130137.0
1742493180000,0.1683,0.16834,0.16826,0.16834,124250.0
1742493240000,0.16834,0.16835,0.16814,0.16814,248061.0
1742493300000,0.16813,0.16825,0.16811,0.16812,70079.0
1742493360000,0.16813,0.16819,0.16804,0.16817,511392.0
1742493420000,0.16816,0.16828,0.1681,0.16827,147894.0
1742493480000,0.16828,0.16848,0.16828,0.16834,74949.0
1742493540000,0.16834,0.16847,0.16834,0.16847,122401.0
1742493600000,0.16848,0.16866,0.16844,0.16865,436285.0
1742493660000,0.16864,0.16888,0.16857,0.16871,279937.0
1742493720000,0.16871,0.16875,0.16863,0.16869,338394.0
1742493780000,0.1687,0.16883,0.1687,0.16879,205466.0
1742493840000,0.16878,0.16878,0.16862,0.16862,215452.0
1742493900000,0.16861,0.16861,0.1684,0.16857,345422.0
1742493960000,0.16858,0.16859,0.16845,0.16845,145996.0
1742494020000,0.16845,0.16847,0.16833,0.16846,1969132.0
1742494080000,0.16846,0.16863,0.16842,0.16863,105937.0
1742494140000,0.16862,0.16868,0.16859,0.16868,229281.0
1742494200000,0.16867,0.16894,0.16867,0.16894,171481.0
1742494260000,0.16894,0.16908,0.16887,0.16901,519671.0
1742494320000,0.16901,0.16908,0.16899,0.16908,88085.0
1742494380000,0.16908,0.16911,0.16905,0.16905,305682.0
1742494440000,0.16904,0.16911,0.16902,0.16908,45717.0
1742494500000,0.16908,0.16923,0.16904,0.16923,71884.0
1742494560000,0.16923,0.16925,0.16914,0.16914,215699.0
1742494620000,0.16914,0.16947,0.1691,0.16932,3233102.0
1742494680000,0.16931,0.16946,0.16931,0.16945,257531.0
1742494740000,0.16944,0.16952,0.1694,0.16941,1010579.0
1742494800000,0.1694,0.1694,0.16921,0.16928,168452.0
1742494860000,0.16928,0.16928,0.169,0.169,2500061.0
1742494920000,0.16901,0.16901,0.16882,0.16887,221271.0
1742494980000,0.16888,0.16921,0.1688,0.16921,291559.0
1742495040000,0.1692,0.16938,0.1692,0.16937,122562.0
1742495100000,0.16938,0.16943,0.16931,0.16934,382296.0
1742495160000,0.16933,0.16933,0.16923,0.16932,263983.0
1742495220000,0.16932,0.16932,0.16917,0.16925,156098.0
1742495280000,0.16925,0.16925,0.16918,0.16925,86991.0
1742495340000,0.16924,0.16924,0.16901,0.1691,517102.0
1742495400000,0.16909,0.16929,0.16899,0.16912,2185631.0
1742495460000,0.16912,0.16913,0.16904,0.16906,481525.0
1742495520000,0.16907,0.16921,0.16905,0.1692,504282.0
1742495580000,0.16921,0.16932,0.16919,0.16931,313687.0
1742495640000,0.1693,0.16943,0.1693,0.16943,286316.0
1742495700000,0.16943,0.16965,0.16943,0.16956,207232.0
1742495760000,0.16955,0.16963,0.16945,0.16956,641593.0
1742495820000,0.16956,0.16962,0.16945,0.16954,487921.0
1742495880000,0.16955,0.16968,0.1695,0.16964,397510.0
1742495940000,0.16964,0.16964,0.16954,0.16954,124385.0
1742496000000,0.16954,0.16958,0.16942,0.16942,127223.0
1742496060000,0.16942,0.16942,0.16922,0.16923,278115.0
1742496120000,0.16923,0.16923,0.16917,0.16918,156663.0
1742496180000,0.16918,0.16923,0.16912,0.16918,95579.0
1742496240000,0.16917,0.16917,0.16903,0.16904,265391.0
1742496300000,0.16903,0.1691,0.16898,0.16909,241856.0
1742496360000,0.16908,0.1692,0.16905,0.16905,182061.0
1742496420000,0.16906,0.16918,0.16901,0.16918,222643.0
1742496480000,0.16918,0.16924,0.1689,0.16921,421184.0
1742496540000,0.1692,0.16934,0.1692,0.16934,200840.0
1742496600000,0.16933,0.16941,0.16925,0.16927,44191.0
1742496660000,0.16926,0.16926,0.16903,0.16904,339501.0
1742496720000,0.16904,0.16931,0.16904,0.16928,69111.0
1742496780000,0.16928,0.1694,0.16928,0.1694,56578.0
1742496840000,0.16939,0.1694,0.16924,0.16939,69071.0
1742496900000,0.1694,0.1694,0.1692,0.16921,113926.0
1742496960000,0.16921,0.16926,0.16915,0.16918,134920.0
1742497020000,0.16917,0.16917,0.16908,0.16912,112801.0
1742497080000,0.16912,0.16912,0.16887,0.1689,519591.0
1742497140000,0.16891,0.16891,0.16882,0.1689,55508.0
1742497200000,0.1689,0.16907,0.16885,0.16907,119239.0
1742497260000,0.16907,0.16913,0.16902,0.16902,88548.0
1742497320000,0.16902,0.16902,0.1688,0.16895,254609.0
1742497380000,0.16894,0.16894,0.16877,0.1688,292827.0
1742497440000,0.16879,0.16884,0.16873,0.16879,212319.0
1742497500000,0.1688,0.1689,0.1688,0.16882,179805.0
1742497560000,0.16883,0.1689,0.16878,0.16878,127838.0
1742497620000,0.16879,0.16883,0.16863,0.16864,226599.0
1742497680000,0.16864,0.16865,0.16844,0.16844,229123.0
1742497740000,0.16843,0.16843,0.1683,0.1683,177543.0
1742497800000,0.1683,0.1685,0.16826,0.16847,308347.0
1742497860000,0.16848,0.16858,0.1684,0.16858,91196.0
1742497920000,0.16859,0.16865,0.16849,0.16858,100715.0
1742497980000,0.16859,0.16866,0.16858,0.16861,103913.0
1742498040000,0.16861,0.16865,0.16858,0.16861,105205.0
1742498100000,0.1686,0.1687,0.16855,0.1687,199756.0
1742498160000,0.1687,0.16884,0.16864,0.16873,114965.0
1742498220000,0.16873,0.16887,0.16864,0.16887,109044.0
1742498280000,0.16887,0.16901,0.16887,0.16889,121916.0
1742498340000,0.16889,0.16897,0.16888,0.16894,60497.0
1742498400000,0.16893,0.16919,0.16893,0.16915,108922.0
1742498460000,0.16915,0.1693,0.16912,0.16919,394636.0
1742498520000,0.16919,0.16922,0.16914,0.16915,38696.0
1742498580000,0.16914,0.16919,0.16905,0.16907,55052.0
1742498640000,0.16906,0.16909,0.16899,0.16902,133337.0
1742498700000,0.16903,0.16905,0.16876,0.16876,186290.0
1742498760000,0.16876,0.1688,0.16874,0.16875,23919.0
1742498820000,0.16876,0.16876,0.16868,0.16869,29774.0
1742498880000,0.16869,0.16869,0.1686,0.16864,253708.0
1742498940000,0.16864,0.16865,0.1686,0.16861,76333.0
1742499000000,0.16861,0.16873,0.16858,0.1687,234476.0
1742499060000,0.16871,0.16877,0.16866,0.16872,224866.0
1742499120000,0.16873,0.16895,0.16873,0.16891,366519.0
1742499180000,0.1689,0.16895,0.16882,0.16883,47371.0
1742499240000,0.16882,0.16888,0.16878,0.16885,120961.0
1742499300000,0.16884,0.16907,0.16882,0.16903,156077.0
1742499360000,0.16903,0.16915,0.16903,0.16915,82703.0
1742499420000,0.16916,0.16924,0.16904,0.16905,70229.0
1742499480000,0.16906,0.16907,0.16899,0.16899,34392.0
1742499540000,0.16899,0.16913,0.16896,0.16908,118649.0
1742499600000,0.16909,0.16926,0.16909,0.16925,274422.0
1742499660000,0.16925,0.1694,0.16925,0.1694,96627.0
1742499720000,0.16941,0.16947,0.16937,0.16939,141514.0
1742499780000,0.16939,0.16939,0.16934,0.16936,50315.0
1742499840000,0.16936,0.16952,0.16936,0.16949,201783.0
1742499900000,0.16949,0.16954,0.16941,0.16941,119927.0
1742499960000,0.16941,0.16949,0.16937,0.16949,108477.0
1742500020000,0.1695,0.16963,0.1695,0.1696,286249.0
1742500080000,0.16961,0.16963,0.16942,0.16942,353240.0
1742500140000,0.16942,0.16947,0.16937,0.16947,55215.0
1742500200000,0.16947,0.16947,0.16927,0.16929,295736.0
1742500260000,0.16928,0.16938,0.16925,0.16925,43124.0
1742500320000,0.16926,0.16931,0.16917,0.16918,27639.0
1742500380000,0.16918,0.1692,0.16913,0.16917,118052.0
1742500440000,0.16917,0.16934,0.16917,0.16932,216475.0
1742500500000,0.16932,0.16949,0.16932,0.16944,441814.0
1742500560000,0.16944,0.16944,0.1693,0.1693,48034.0
1742500620000,0.1693,0.16935,0.16927,0.16935,504273.0
1742500680000,0.16936,0.1694,0.16933,0.16936,473446.0
1742500740000,0.16935,0.16938,0.16928,0.16937,346257.0
1742500800000,0.16938,0.16945,0.16933,0.16942,68652.0
1742500860000,0.16942,0.16956,0.16935,0.16951,113190.0
1742500920000,0.16951,0.16958,0.1695,0.1695,35636.0
1742500980000,0.16951,0.16951,0.16941,0.16944,42171.0
1742501040000,0.16944,0.16955,0.16939,0.16954,61148.0
1742501100000,0.16955,0.16959,0.16951,0.16951,47494.0
1742501160000,0.16951,0.16952,0.1694,0.16941,441505.0
1742501220000,0.1694,0.16941,0.16916,0.16917,5012977.0
1742501280000,0.16917,0.1693,0.16916,0.1693,249958.0
1742501340000,0.16931,0.16931,0.16916,0.16916,54758.0
1742501400000,0.16916,0.1692,0.16912,0.16918,410868.0
1742501460000,0.16917,0.16926,0.16916,0.16925,222348.0
1742501520000,0.16926,0.16936,0.16926,0.16929,210066.0
1742501580000,0.16929,0.16929,0.16917,0.16918,88420.0
1742501640000,0.16917,0.16936,0.16917,0.16927,1269145.0
1742501700000,0.16927,0.16937,0.16924,0.16934,199379.0
1742501760000,0.16934,0.16946,0.16934,0.16944,300170.0
1742501820000,0.16944,0.16956,0.16943,0.1695,79044.0
1742501880000,0.1695,0.16964,0.16947,0.16964,170985.0
1742501940000,0.16963,0.16975,0.16962,0.16968,281690.0
1742502000000,0.16967,0.16968,0.1696,0.16962,57773.0
1742502060000,0.16963,0.16971,0.16962,0.16971,130212.0
1742502120000,0.16971,0.16992,0.1697,0.16991,607526.0
1742502180000,0.16991,0.16993,0.16979,0.16979,129089.0
1742502240000,0.16978,0.16978,0.16967,0.16971,94940.0
1742502300000,0.1697,0.16971,0.16963,0.16964,135422.0
1742502360000,0.16964,0.16977,0.16962,0.16977,148267.0
1742502420000,0.16977,0.16985,0.16976,0.1698,397924.0
1742502480000,0.16981,0.16981,0.16975,0.16976,327905.0
1742502540000,0.16976,0.16979,0.16971,0.16971,585607.0
1742502600000,0.16971,0.16972,0.16966,0.16966,84656.0
1742502660000,0.16967,0.16985,0.16967,0.16979,802059.0
1742502720000,0.16979,0.16979,0.16971,0.16974,86496.0
1742502780000,0.16974,0.16974,0.16967,0.16972,145396.0
1742502840000,0.16973,0.16986,0.16973,0.16979,223962.0
1742502900000,0.16978,0.16984,0.16972,0.16972,525526.0
1742502960000,0.16972,0.16974,0.16964,0.16965,135453.0
1742503020000,0.16965,0.16969,0.16963,0.16963,146811.0
1742503080000,0.16964,0.16977,0.16964,0.16975,314845.0
1742503140000,0.16975,0.17003,0.16974,0.16994,473412.0
1742503200000,0.16994,0.16998,0.16991,0.16998,221423.0
1742503260000,0.16999,0.17006,0.16999,0.17006,154726.0
1742503320000,0.17006,0.17015,0.17006,0.17011,397424.0
1742503380000,0.17011,0.17012,0.17003,0.17004,723832.0
1742503440000,0.17005,0.17008,0.16994,0.16995,66353.0
1742503500000,0.16994,0.16994,0.16981,0.16981,59103.0
1742503560000,0.16981,0.16984,0.16979,0.16982,98397.0
1742503620000,0.16982,0.16986,0.16972,0.16972,127278.0
1742503680000,0.16972,0.16972,0.16964,0.16964,72600.0
1742503740000,0.16964,0.16975,0.16961,0.16975,250747.0
1742503800000,0.16975,0.16977,0.16967,0.16973,178604.0
1742503860000,0.16973,0.16979,0.16972,0.16979,209529.0
1742503920000,0.16979,0.16981,0.16977,0.16977,48748.0
1742503980000,0.16977,0.16979,0.16972,0.16972,81147.0
1742504040000,0.16971,0.16972,0.16961,0.16968,207834.0
1742504100000,0.16969,0.16974,0.16968,0.16968,54171.0
1742504160000,0.16968,0.16974,0.16968,0.1697,120213.0
1742504220000,0.16971,0.16973,0.16965,0.16968,180059.0
1742504280000,0.16968,0.1697,0.16963,0.1697,112852.0
1742504340000,0.16971,0.16975,0.16959,0.16959,94333.0
1742504400000,0.1696,0.16964,0.16942,0.16947,501692.0
1742504460000,0.16948,0.16962,0.16948,0.1696,196560.0
1742504520000,0.16959,0.16965,0.16959,0.16964,87529.0
1742504580000,0.16965,0.16972,0.16962,0.16972,239807.0
1742504640000,0.16971,0.16974,0.16962,0.16962,44999.0
1742504700000,0.16962,0.16969,0.16958,0.16959,156516.0
1742504760000,0.16959,0.16959,0.16945,0.16945,96352.0
1742504820000,0.16945,0.16948,0.16938,0.16944,442640.0
1742504880000,0.16945,0.16951,0.16943,0.16946,143908.0
1742504940000,0.16946,0.16946,0.16935,0.16935,177515.0
1742505000000,0.16935,0.16936,0.16925,0.16925,1292293.0
1742505060000,0.16926,0.16933,0.16922,0.16933,1493216.0
1742505120000,0.16933,0.16935,0.16907,0.16908,547042.0
1742505180000,0.16909,0.16913,0.16904,0.16912,112309.0
1742505240000,0.16913,0.16921,0.16909,0.16909,299461.0
1742505300000,0.16909,0.16912,0.16896,0.16912,256400.0
1742505360000,0.16912,0.16916,0.16904,0.16904,40940.0
1742505420000,0.16905,0.16905,0.1689,0.16897,160525.0
1742505480000,0.16897,0.16901,0.16893,0.16895,74573.0
1742505540000,0.16896,0.16904,0.16895,0.16904,74960.0
1742505600000,0.16904,0.16911,0.16903,0.16908,204936.0
1742505660000,0.16908,0.1691,0.16907,0.16909,11787.0
1742505720000,0.16909,0.1691,0.16905,0.16905,40883.0
1742505780000,0.16905,0.16906,0.16903,0.16904,35485.0
1742505840000,0.16905,0.16905,0.16904,0.16904,20922.0
1742505900000,0.16904,0.16914,0.16903,0.16914,103181.0
1742505960000,0.16913,0.16919,0.16913,0.16919,195103.0
1742506020000,0.16919,0.1692,0.16918,0.16919,191280.0
1742506080000,0.16918,0.16923,0.16918,0.16923,80662.0
1742506140000,0.16923,0.1694,0.16922,0.16939,197309.0
1742506200000,0.16939,0.16972,0.16939,0.16972,194799.0
1742506260000,0.16972,0.16972,0.16965,0.16965,322392.0
1742506320000,0.16965,0.16965,0.16958,0.16959,100243.0
1742506380000,0.16959,0.16959,0.16955,0.16955,24239.0
1742506440000,0.16956,0.16956,0.16942,0.16943,134569.0
1742506500000,0.16942,0.16944,0.16939,0.1694,208187.0
1742506560000,0.16939,0.16939,0.16937,0.16938,59396.0
1742506620000,0.16937,0.16945,0.16937,0.16945,205740.0
1742506680000,0.16945,0.16952,0.16944,0.16944,176983.0
1742506740000,0.16944,0.16944,0.16932,0.16932,67004.0
1742506800000,0.16931,0.16931,0.16923,0.1693,133930.0
1742506860000,0.16931,0.16951,0.1693,0.16938,129293.0
1742506920000,0.16939,0.16944,0.16936,0.16943,18840.0
1742506980000,0.16943,0.16955,0.16943,0.16955,136654.0
1742507040000,0.16955,0.16961,0.16948,0.16948,203835.0
1742507100000,0.16949,0.16956,0.16948,0.16956,158542.0
1742507160000,0.16956,0.16959,0.16946,0.16948,93065.0
1742507220000,0.16948,0.1695,0.16926,0.16927,99501.0
1742507280000,0.16927,0.1694,0.16927,0.16936,143227.0
1742507340000,0.16936,0.16936,0.1693,0.16931,40328.0
1742507400000,0.1693,0.16931,0.16923,0.16924,118134.0
1742507460000,0.16924,0.16929,0.16923,0.16928,83105.0
1742507520000,0.16928,0.16932,0.16927,0.16927,101555.0
1742507580000,0.16927,0.16927,0.16912,0.16912,42051.0
1742507640000,0.16911,0.16917,0.16911,0.16916,83127.0
1742507700000,0.16916,0.16917,0.16913,0.16914,15006.0
1742507760000,0.16913,0.16914,0.16913,0.16914,35094.0
1742507820000,0.16914,0.16914,0.16897,0.16898,101210.0
1742507880000,0.16898,0.16908,0.16897,0.16901,242310.0
1742507940000,0.16901,0.16907,0.16893,0.16901,98004.0
1742508000000,0.169,0.16913,0.16886,0.16913,477753.0
1742508060000,0.16914,0.16917,0.16896,0.16908,399526.0
1742508120000,0.16909,0.16932,0.16909,0.16924,190492.0
1742508180000,0.16924,0.16926,0.16894,0.16904,378074.0
1742508240000,0.16903,0.1691,0.16895,0.16899,181518.0
1742508300000,0.169,0.169,0.16887,0.16888,109886.0
1742508360000,0.16888,0.16904,0.16888,0.169,151210.0
1742508420000,0.16899,0.169,0.16881,0.16886,100798.0
1742508480000,0.16887,0.16888,0.16875,0.16875,64660.0
1742508540000,0.16875,0.16876,0.16865,0.16865,149304.0
1742508600000,0.16865,0.16878,0.16863,0.1687,270090.0
1742508660000,0.1687,0.16886,0.16866,0.16885,99285.0
1742508720000,0.16885,0.16886,0.16874,0.16877,147860.0
1742508780000,0.16878,0.16883,0.16871,0.16875,43260.0
1742508840000,0.16875,0.16882,0.16874,0.16881,206107.0
1742508900000,0.16881,0.16882,0.16861,0.16879,720092.0
1742508960000,0.1688,0.16908,0.1688,0.16908,192942.0
1742509020000,0.16908,0.16912,0.16895,0.16896,244293.0
1742509080000,0.16896,0.16902,0.16881,0.16887,281565.0
1742509140000,0.16886,0.16886,0.16868,0.16872,202528.0
1742509200000,0.16872,0.16872,0.16864,0.16868,101378.0
1742509260000,0.16868,0.16868,0.16846,0.16846,269795.0
1742509320000,0.16846,0.16858,0.16846,0.16858,99055.0
1742509380000,0.16857,0.16862,0.16851,0.16851,78849.0
1742509440000,0.16852,0.16857,0.16852,0.16852,35532.0
1742509500000,0.16853,0.16874,0.16851,0.16874,393657.0
1742509560000,0.16875,0.16883,0.16875,0.16879,88201.0
1742509620000,0.16879,0.16881,0.16875,0.16878,39983.0
1742509680000,0.16878,0.1688,0.16865,0.16865,139774.0
1742509740000,0.16866,0.16866,0.16842,0.16851,1220248.0
1742509800000,0.16851,0.16863,0.1685,0.1685,308556.0
1742509860000,0.16851,0.16859,0.16845,0.16859,186988.0
1742509920000,0.16859,0.16872,0.16859,0.16864,226702.0
1742509980000,0.16863,0.16864,0.16852,0.16861,89183.0
1742510040000,0.16861,0.16877,0.16859,0.16874,196648.0
1742510100000,0.16874,0.16884,0.16872,0.16884,175093.0
1742510160000,0.16883,0.16894,0.16881,0.16891,82552.0
1742510220000,0.1689,0.16893,0.16879,0.16888,100161.0
1742510280000,0.16889,0.16889,0.1688,0.16883,79172.0
1742510340000,0.16882,0.16895,0.16882,0.16889,49662.0
1742510400000,0.16889,0.16895,0.16884,0.16885,184025.0
1742510460000,0.16884,0.16896,0.16884,0.1689,34973.0
1742510520000,0.16889,0.16889,0.16881,0.16887,59478.0
1742510580000,0.16888,0.16909,0.16888,0.16908,93134.0
1742510640000,0.16908,0.1691,0.16904,0.16904,207822.0
1742510700000,0.16904,0.16908,0.169,0.169,558983.0
1742510760000,0.169,0.16922,0.16897,0.16914,2472109.0
1742510820000,0.16913,0.16915,0.16902,0.16906,58909.0
1742510880000,0.16905,0.16906,0.169,0.16904,23477.0
1742510940000,0.16905,0.16905,0.16898,0.16899,98006.0
1742511000000,0.16899,0.169,0.16893,0.16893,46838.0
1742511060000,0.16892,0.16893,0.1689,0.1689,76903.0
1742511120000,0.16889,0.16889,0.16881,0.16885,116457.0
1742511180000,0.16885,0.16886,0.16871,0.16871,64507.0
1742511240000,0.16871,0.16878,0.16871,0.16878,32234.0
1742511300000,0.16878,0.16878,0.16856,0.16858,52311.0
1742511360000,0.16857,0.16857,0.16846,0.16853,115078.0
1742511420000,0.16853,0.16854,0.1685,0.16852,40829.0
1742511480000,0.16852,0.16863,0.1685,0.16862,303604.0
1742511540000,0.16863,0.16869,0.16861,0.16868,28622.0
1742511600000,0.16868,0.16869,0.16852,0.16853,51397.0
1742511660000,0.16853,0.16865,0.16849,0.16852,80422.0
1742511720000,0.16852,0.16852,0.16835,0.16838,356627.0
1742511780000,0.16839,0.16842,0.16831,0.16837,197049.0
1742511840000,0.16837,0.16847,0.16836,0.16838,112238.0
1742511900000,0.16837,0.1685,0.16837,0.16848,35529.0
1742511960000,0.16847,0.1687,0.16846,0.1687,773723.0
1742512020000,0.16871,0.16886,0.16868,0.16886,74921.0
1742512080000,0.16887,0.16901,0.16883,0.169,985310.0
1742512140000,0.169,0.16904,0.16896,0.16896,180568.0
1742512200000,0.16896,0.16905,0.16896,0.16904,137056.0
1742512260000,0.16903,0.16908,0.169,0.16908,111876.0
1742512320000,0.16908,0.16918,0.16908,0.16912,129390.0
1742512380000,0.16913,0.16916,0.16906,0.16911,45682.0
1742512440000,0.1691,0.1691,0.1688,0.1688,301706.0
1742512500000,0.1688,0.16885,0.16875,0.16875,66262.0
1742512560000,0.16876,0.1689,0.16874,0.1689,159434.0
1742512620000,0.16889,0.16896,0.16879,0.16882,314144.0
1742512680000,0.16883,0.16883,0.16866,0.16872,122533.0
1742512740000,0.16873,0.16875,0.16868,0.16872,45602.0
1742512800000,0.16872,0.16874,0.16863,0.16867,97235.0
1742512860000,0.16867,0.16874,0.16864,0.16873,164416.0
1742512920000,0.16873,0.1688,0.16865,0.1688,490408.0
1742512980000,0.16881,0.16889,0.1688,0.16881,71324.0
1742513040000,0.1688,0.16887,0.1688,0.16887,70664.0
1742513100000,0.16886,0.16887,0.16877,0.16884,446493.0
1742513160000,0.16884,0.16904,0.16884,0.16904,242753.0
1742513220000,0.16904,0.16905,0.16897,0.16903,34995.0
1742513280000,0.16902,0.16905,0.16901,0.16901,39893.0
1742513340000,0.16901,0.16918,0.16901,0.16916,482004.0
1742513400000,0.16915,0.16915,0.16907,0.16911,149607.0
1742513460000,0.16911,0.16929,0.16911,0.16929,199023.0
1742513520000,0.16928,0.16939,0.16925,0.16927,196903.0
1742513580000,0.16928,0.16938,0.16921,0.16927,262674.0
1742513640000,0.16928,0.16932,0.16915,0.16915,520747.0
1742513700000,0.16916,0.16938,0.16916,0.16938,176191.0
1742513760000,0.16937,0.16948,0.16935,0.16935,128891.0
1742513820000,0.16935,0.16942,0.16931,0.16941,660939.0
1742513880000,0.16941,0.1695,0.16925,0.16928,722095.0
1742513940000,0.16927,0.16934,0.16925,0.16932,89919.0
1742514000000,0.16931,0.16934,0.16927,0.16933,57561.0
1742514060000,0.16934,0.16941,0.16931,0.16932,310304.0
1742514120000,0.16931,0.16944,0.16931,0.16938,59141.0
1742514180000,0.16938,0.16939,0.16933,0.16939,52680.0
1742514240000,0.1694,0.16944,0.16936,0.16936,108803.0
1742514300000,0.16937,0.16937,0.1693,0.16931,97536.0
1742514360000,0.16931,0.16935,0.1692,0.16924,234981.0
1742514420000,0.16924,0.16956,0.16924,0.16956,371483.0
1742514480000,0.16955,0.16958,0.16938,0.16941,160868.0
1742514540000,0.16941,0.16948,0.1694,0.16944,55383.0
1742514600000,0.16944,0.16954,0.16944,0.16954,54060.0
1742514660000,0.16954,0.16957,0.1695,0.16957,58912.0
1742514720000,0.16956,0.1696,0.16953,0.16953,122545.0
1742514780000,0.16953,0.16959,0.16953,0.16956,173537.0
1742514840000,0.16956,0.16957,0.16952,0.16952,138967.0
1742514900000,0.16953,0.16964,0.16951,0.16952,440872.0
1742514960000,0.16951,0.16953,0.1694,0.1694,417727.0
1742515020000,0.1694,0.16944,0.16936,0.1694,103492.0
1742515080000,0.1694,0.16941,0.16931,0.16931,88324.0
1742515140000,0.16932,0.16949,0.16932,0.16949,141747.0
1742515200000,0.16948,0.16949,0.16922,0.16922,1016345.0
